Timestamp,Raw,Attention,Meditation,delta,theta,low-alpha,high-alpha,low-beta,high-beta,low-gamma,mid-gamma
2022-05-24T13:38:28.719476,40,44,67,32765,72845,49712,31464,15563,10509,4463,2495
2022-05-24T13:38:29.221026,34,44,67,32765,72845,49712,31464,15563,10509,4463,2495
2022-05-24T13:38:29.721995,92,48,74,37916,32307,13059,21376,14637,12981,6820,2457
2022-05-24T13:38:30.223246,9,48,74,37916,32307,13059,21376,14637,12981,6820,2457
2022-05-24T13:38:30.724789,-13,64,74,2311904,261297,85344,13055,70354,64404,29966,13350
2022-05-24T13:38:31.226114,100,64,74,2311904,261297,85344,13055,70354,64404,29966,13350
2022-05-24T13:38:31.727470,250,70,75,149210,28230,27088,18063,13365,7622,9071,2516
2022-05-24T13:38:32.228711,-50,70,75,149210,28230,27088,18063,13365,7622,9071,2516
2022-05-24T13:38:32.729961,6,93,70,332684,29785,37832,18410,20519,50494,12985,8321
2022-05-24T13:38:33.231230,243,93,70,332684,29785,37832,18410,20519,50494,12985,8321
2022-05-24T13:38:33.732490,331,87,60,216416,407399,49433,43763,143004,51946,35281,28721
2022-05-24T13:38:34.233816,3,87,60,216416,407399,49433,43763,143004,51946,35281,28721
2022-05-24T13:38:34.735070,93,83,61,138871,9638,3333,500,1692,1638,1221,926
2022-05-24T13:38:35.236523,181,83,61,138871,9638,3333,500,1692,1638,1221,926
2022-05-24T13:38:35.737754,101,78,43,91322,56920,3159,5985,3440,5013,4465,1361
2022-05-24T13:38:36.238989,42,78,43,91322,56920,3159,5985,3440,5013,4465,1361
2022-05-24T13:38:36.740254,7,63,44,686140,12683,4954,7421,5866,2954,2295,967
2022-05-24T13:38:37.241562,-138,63,44,686140,12683,4954,7421,5866,2954,2295,967
2022-05-24T13:38:37.742781,57,56,50,663559,142358,13272,34400,4893,10066,3883,1664
2022-05-24T13:38:38.243994,150,56,50,663559,142358,13272,34400,4893,10066,3883,1664
2022-05-24T13:38:38.745245,-3,61,56,101258,8615,7694,587,1956,3395,2202,482
2022-05-24T13:38:39.246464,-29,61,56,101258,8615,7694,587,1956,3395,2202,482
2022-05-24T13:38:39.747749,-28,66,60,381366,62272,5953,8598,14157,8326,9180,5729
2022-05-24T13:38:40.249056,13,66,60,381366,62272,5953,8598,14157,8326,9180,5729
2022-05-24T13:38:40.750276,84,57,43,1227575,432121,17415,26271,17636,22524,10577,4067
2022-05-24T13:38:41.251596,37,57,43,1227575,432121,17415,26271,17636,22524,10577,4067
2022-05-24T13:38:41.752835,25,64,43,145164,67960,18254,7552,3320,9270,5690,7346
2022-05-24T13:38:42.254024,180,64,43,145164,67960,18254,7552,3320,9270,5690,7346
2022-05-24T13:38:42.755226,-10,54,29,84513,34695,1186,3198,1925,2980,2786,798
2022-05-24T13:38:43.256483,57,54,29,84513,34695,1186,3198,1925,2980,2786,798
2022-05-24T13:38:43.757784,91,61,44,246260,24304,11508,45198,8471,15735,13845,2365
2022-05-24T13:38:44.258990,125,61,44,246260,24304,11508,45198,8471,15735,13845,2365
2022-05-24T13:38:44.760456,38,57,51,107843,82465,12798,2391,4966,3014,3384,1629
2022-05-24T13:38:45.261803,101,57,51,107843,82465,12798,2391,4966,3014,3384,1629
2022-05-24T13:38:45.763031,66,63,60,57356,44121,45618,23794,10432,20674,21998,3203
2022-05-24T13:38:46.264453,-35,63,60,57356,44121,45618,23794,10432,20674,21998,3203
2022-05-24T13:38:46.765652,10,64,60,1585556,301860,7335,32018,28471,27046,7114,14564
2022-05-24T13:38:47.266942,17,64,60,1585556,301860,7335,32018,28471,27046,7114,14564
2022-05-24T13:38:47.768229,104,54,51,242035,39400,20160,4373,9536,5496,1969,522
2022-05-24T13:38:48.269483,137,54,51,242035,39400,20160,4373,9536,5496,1969,522
2022-05-24T13:38:48.770751,100,60,61,33980,61689,34912,9524,8801,6037,3792,1893
2022-05-24T13:38:49.271972,53,60,61,33980,61689,34912,9524,8801,6037,3792,1893
2022-05-24T13:38:49.773180,-222,51,63,7964,24861,16243,28222,8516,5846,2510,1039
2022-05-24T13:38:50.274499,153,51,63,7964,24861,16243,28222,8516,5846,2510,1039
2022-05-24T13:38:50.775736,28,54,69,36625,16049,2746,2882,5240,2666,916,456
2022-05-24T13:38:51.277007,74,54,77,652419,172038,135090,66710,27850,26908,48041,5434
2022-05-24T13:38:51.778309,25,54,77,652419,172038,135090,66710,27850,26908,48041,5434
2022-05-24T13:38:52.279734,86,61,64,653708,169760,11853,16581,18536,18715,15311,8492
2022-05-24T13:38:52.781552,-66,61,64,653708,169760,11853,16581,18536,18715,15311,8492
2022-05-24T13:38:53.283759,-11,61,57,1316879,124632,34331,46084,19910,17056,5033,2158
2022-05-24T13:38:53.785041,-28,61,57,1316879,124632,34331,46084,19910,17056,5033,2158
2022-05-24T13:38:54.286043,67,51,48,370426,230626,4205,18172,10756,11588,5175,4299
2022-05-24T13:38:54.787272,172,51,48,370426,230626,4205,18172,10756,11588,5175,4299
2022-05-24T13:38:55.288502,99,41,38,46528,46413,12503,3575,7835,1724,1103,1586
2022-05-24T13:38:55.789828,113,41,38,46528,46413,12503,3575,7835,1724,1103,1586
2022-05-24T13:38:56.291111,224,35,47,309687,195468,56060,60212,83844,15550,12376,5894
2022-05-24T13:38:56.792448,185,35,47,309687,195468,56060,60212,83844,15550,12376,5894
2022-05-24T13:38:57.293703,57,38,43,1225816,105249,18192,26822,35251,19349,28623,11647
2022-05-24T13:38:57.794961,-83,38,43,1225816,105249,18192,26822,35251,19349,28623,11647
2022-05-24T13:38:58.296412,55,53,50,76615,7817,794,2136,3342,2202,3451,2525
2022-05-24T13:38:58.797624,65,53,50,76615,7817,794,2136,3342,2202,3451,2525
2022-05-24T13:38:59.298908,131,80,56,7189,4945,3766,3610,3191,4454,6840,1347
2022-05-24T13:38:59.800127,219,80,56,7189,4945,3766,3610,3191,4454,6840,1347
2022-05-24T13:39:00.301841,100,87,54,221726,84358,10398,21700,15404,11699,7533,1630
2022-05-24T13:39:00.803054,149,87,54,221726,84358,10398,21700,15404,11699,7533,1630
2022-05-24T13:39:01.304249,-12,87,61,20618,29874,9473,21578,12738,8142,8103,1142
2022-05-24T13:39:01.806073,89,87,61,20618,29874,9473,21578,12738,8142,8103,1142
2022-05-24T13:39:02.307021,38,87,63,8427,36652,6041,8815,7292,9280,3661,4325
2022-05-24T13:39:02.808298,-57,87,63,8427,36652,6041,8815,7292,9280,3661,4325
2022-05-24T13:39:03.309708,150,77,57,41394,56593,22145,5630,8587,11404,4564,1011
2022-05-24T13:39:03.811648,23,77,57,41394,56593,22145,5630,8587,11404,4564,1011
2022-05-24T13:39:04.312704,104,74,64,434166,72969,29025,21222,9509,9719,6079,1311
2022-05-24T13:39:04.813922,32,74,64,434166,72969,29025,21222,9509,9719,6079,1311
2022-05-24T13:39:05.315086,9,78,56,33949,37929,12445,6268,25710,10845,3149,2577
2022-05-24T13:39:05.816309,4,78,56,33949,37929,12445,6268,25710,10845,3149,2577
2022-05-24T13:39:06.317612,136,78,56,6568,26127,3748,9221,6848,8103,3600,1644
2022-05-24T13:39:06.818943,113,78,56,6568,26127,3748,9221,6848,8103,3600,1644
2022-05-24T13:39:07.320256,86,83,67,24433,13466,37293,6440,5521,13557,4568,2442
2022-05-24T13:39:07.821574,137,83,67,24433,13466,37293,6440,5521,13557,4568,2442
2022-05-24T13:39:08.322878,60,91,75,12639,19943,10343,40398,10138,11473,1838,1426
2022-05-24T13:39:08.824108,93,91,75,12639,19943,10343,40398,10138,11473,1838,1426
2022-05-24T13:39:09.325511,28,83,90,31922,12470,19722,15433,6802,3721,1990,649
2022-05-24T13:39:09.826797,19,83,90,31922,12470,19722,15433,6802,3721,1990,649
2022-05-24T13:39:10.327975,101,77,84,354375,38758,3238,6510,13184,6111,4369,1861
2022-05-24T13:39:10.829232,-28,77,84,354375,38758,3238,6510,13184,6111,4369,1861
2022-05-24T13:39:11.330443,6,63,78,3422,44358,25293,28019,34397,5369,1667,2764
2022-05-24T13:39:11.831737,64,63,78,3422,44358,25293,28019,34397,5369,1667,2764
2022-05-24T13:39:12.332803,37,50,61,110730,114473,18656,4408,12902,6552,3635,1435
2022-05-24T13:39:12.834026,6,50,61,110730,114473,18656,4408,12902,6552,3635,1435
2022-05-24T13:39:13.335256,3,53,61,6094,10259,12620,19539,8413,4191,2898,1981
2022-05-24T13:39:13.836563,93,53,61,6094,10259,12620,19539,8413,4191,2898,1981
2022-05-24T13:39:14.337836,58,56,75,16975,16548,22678,4255,8072,7971,4086,586
2022-05-24T13:39:14.839203,116,56,75,16975,16548,22678,4255,8072,7971,4086,586
2022-05-24T13:39:15.340418,107,61,80,461031,7868,17994,8130,12755,3263,3821,2758
2022-05-24T13:39:15.841744,130,61,80,461031,7868,17994,8130,12755,3263,3821,2758
2022-05-24T13:39:16.342975,70,64,91,22181,38428,33309,7535,19947,4641,3635,1458
2022-05-24T13:39:16.844274,100,64,91,22181,38428,33309,7535,19947,4641,3635,1458
2022-05-24T13:39:17.345545,20,64,94,12326,9426,16545,14172,2806,3819,1664,1065
2022-05-24T13:39:17.846825,8,64,94,12326,9426,16545,14172,2806,3819,1664,1065
2022-05-24T13:39:18.349668,1,47,78,42454,533826,42567,38624,16659,21130,16947,5725
2022-05-24T13:39:18.850938,407,47,78,42454,533826,42567,38624,16659,21130,16947,5725
2022-05-24T13:39:19.352255,40,38,64,703019,84159,16735,2305,4011,4080,3296,2330
2022-05-24T13:39:19.853586,40,38,64,703019,84159,16735,2305,4011,4080,3296,2330
2022-05-24T13:39:20.354856,83,37,70,17296,42356,43092,44099,15014,6520,2836,1878
2022-05-24T13:39:20.856137,53,37,70,17296,42356,43092,44099,15014,6520,2836,1878
2022-05-24T13:39:21.357361,76,40,66,47566,3696,31683,8520,19107,5776,4894,1675
2022-05-24T13:39:21.858625,154,40,66,47566,3696,31683,8520,19107,5776,4894,1675
2022-05-24T13:39:22.359809,105,57,80,16125,19897,6329,17856,5929,9679,1174,2460
2022-05-24T13:39:22.860980,73,57,80,16125,19897,6329,17856,5929,9679,1174,2460
2022-05-24T13:39:23.362211,75,70,100,30951,6499,22720,7199,2073,5471,1715,1394
2022-05-24T13:39:23.863504,120,70,100,30951,6499,22720,7199,2073,5471,1715,1394
2022-05-24T13:39:24.364862,5,81,96,6398,18180,16999,5526,6920,5407,2838,2436
2022-05-24T13:39:24.866159,112,81,96,6398,18180,16999,5526,6920,5407,2838,2436
2022-05-24T13:39:25.367463,74,74,93,39036,40063,42620,20694,16205,5959,3295,1359
2022-05-24T13:39:25.868672,-17,74,93,39036,40063,42620,20694,16205,5959,3295,1359
2022-05-24T13:39:26.369913,17,60,84,274803,103949,23705,6886,9626,8912,1430,4936
2022-05-24T13:39:26.871339,0,60,84,274803,103949,23705,6886,9626,8912,1430,4936
2022-05-24T13:39:27.372750,-71,48,63,13693,35260,4131,5028,14149,1989,1684,572
2022-05-24T13:39:27.874039,0,48,63,13693,35260,4131,5028,14149,1989,1684,572
2022-05-24T13:39:28.375320,-12,27,47,505066,363197,19576,24091,7212,7482,21453,8536
2022-05-24T13:39:28.876706,74,27,47,505066,363197,19576,24091,7212,7482,21453,8536
2022-05-24T13:39:29.377896,257,37,40,258648,138025,58224,16696,34332,25593,7706,3632
2022-05-24T13:39:29.879113,161,37,40,258648,138025,58224,16696,34332,25593,7706,3632
2022-05-24T13:39:30.380270,218,47,41,64182,20787,6435,4386,8736,5808,3536,673
2022-05-24T13:39:30.881872,262,47,41,64182,20787,6435,4386,8736,5808,3536,673
2022-05-24T13:39:31.383082,362,57,51,932625,82910,54776,41918,41706,28664,35289,9662
2022-05-24T13:39:31.885661,453,57,51,932625,82910,54776,41918,41706,28664,35289,9662
2022-05-24T13:39:32.388098,-87,77,64,487711,126711,66208,14984,4587,20727,12322,12959
2022-05-24T13:39:32.890662,26,77,64,487711,126711,66208,14984,4587,20727,12322,12959
2022-05-24T13:39:33.392963,40,70,69,112109,12015,1788,8428,799,1564,1657,186
2022-05-24T13:39:33.894164,44,70,69,112109,12015,1788,8428,799,1564,1657,186
2022-05-24T13:39:34.395353,104,54,87,14844,11531,19783,49263,18871,2712,2676,2097
2022-05-24T13:39:34.896594,48,54,87,14844,11531,19783,49263,18871,2712,2676,2097
2022-05-24T13:39:35.398350,49,51,93,8055,15634,16522,25993,3974,7009,1738,1532
2022-05-24T13:39:35.900189,277,51,93,8055,15634,16522,25993,3974,7009,1738,1532
2022-05-24T13:39:36.401460,51,44,94,240685,167136,98394,13322,20296,15243,5823,4479
2022-05-24T13:39:36.903110,-565,44,94,240685,167136,98394,13322,20296,15243,5823,4479
2022-05-24T13:39:37.404417,-458,44,94,1065265,315548,52411,482691,582644,207025,69086,22058
2022-05-24T13:39:37.905197,-13,44,94,1065265,315548,52411,482691,582644,207025,69086,22058
2022-05-24T13:39:38.406412,44,44,94,517414,39715,7025,8640,4684,1730,627,441
2022-05-24T13:39:38.907704,-183,44,94,517414,39715,7025,8640,4684,1730,627,441
2022-05-24T13:39:39.409398,36,53,96,331554,15886,24256,9603,19072,8248,19230,2648
2022-05-24T13:39:39.910660,17,53,96,331554,15886,24256,9603,19072,8248,19230,2648
2022-05-24T13:39:40.412356,73,67,78,14988,25587,3492,5425,4006,5740,2912,2516
2022-05-24T13:39:40.913571,-7,67,78,14988,25587,3492,5425,4006,5740,2912,2516
2022-05-24T13:39:41.415679,93,64,69,167512,49146,13630,24951,9979,6480,3958,2274
2022-05-24T13:39:41.916889,134,64,69,167512,49146,13630,24951,9979,6480,3958,2274
2022-05-24T13:39:42.418102,119,69,69,9833,30394,16553,8064,9060,5040,7280,2067
2022-05-24T13:39:42.919775,64,69,69,9833,30394,16553,8064,9060,5040,7280,2067
2022-05-24T13:39:43.421092,87,66,66,42742,30507,17430,13062,16827,6698,4118,1564
2022-05-24T13:39:43.922400,26,66,66,42742,30507,17430,13062,16827,6698,4118,1564
2022-05-24T13:39:44.424574,2,60,80,296429,27764,25142,21204,10194,6413,3267,1258
2022-05-24T13:39:44.926841,9,60,80,296429,27764,25142,21204,10194,6413,3267,1258
2022-05-24T13:39:45.428533,29,54,78,31861,66673,7189,26414,8418,4931,7110,2785
2022-05-24T13:39:45.929846,-13,54,78,31861,66673,7189,26414,8418,4931,7110,2785
2022-05-24T13:39:46.431071,84,57,80,2073,15211,2857,16268,6212,4362,2884,1307
2022-05-24T13:39:46.932303,50,57,80,2073,15211,2857,16268,6212,4362,2884,1307
2022-05-24T13:39:47.433525,87,51,91,11340,27032,6174,112628,15779,7730,5168,2212
2022-05-24T13:39:47.934760,138,51,91,11340,27032,6174,112628,15779,7730,5168,2212
2022-05-24T13:39:48.436172,75,61,93,2961,10607,10232,30335,6065,12654,5995,2719
2022-05-24T13:39:48.937592,77,61,93,2961,10607,10232,30335,6065,12654,5995,2719
2022-05-24T13:39:49.439469,124,81,100,5087,12881,15831,25060,3450,16387,6376,2591
2022-05-24T13:39:49.940747,165,81,100,5087,12881,15831,25060,3450,16387,6376,2591
2022-05-24T13:39:50.441987,41,81,93,256773,145585,11466,36287,20650,23080,13007,6310
2022-05-24T13:39:50.943158,39,81,93,256773,145585,11466,36287,20650,23080,13007,6310
2022-05-24T13:39:51.444350,-70,94,81,17025,27115,21644,5336,2197,11673,9964,4561
2022-05-24T13:39:51.945571,16,94,81,17025,27115,21644,5336,2197,11673,9964,4561
2022-05-24T13:39:52.446872,-23,75,77,380887,77316,37963,19884,5872,4997,2600,3144
2022-05-24T13:39:52.948146,-11,75,77,380887,77316,37963,19884,5872,4997,2600,3144
2022-05-24T13:39:53.449395,38,67,75,31502,11625,2706,17372,2846,5798,2079,1270
2022-05-24T13:39:53.950648,51,67,75,31502,11625,2706,17372,2846,5798,2079,1270
2022-05-24T13:39:54.451875,22,74,81,41100,7028,6337,6749,9541,3627,6062,1315
2022-05-24T13:39:54.953103,72,74,81,41100,7028,6337,6749,9541,3627,6062,1315
2022-05-24T13:39:55.454346,75,60,77,91031,24903,7746,5554,10745,2149,1164,708
2022-05-24T13:39:55.955224,81,60,77,91031,24903,7746,5554,10745,2149,1164,708
2022-05-24T13:39:56.457070,130,70,77,586201,49436,14298,32444,14147,11147,4846,2088
2022-05-24T13:39:56.958288,64,70,77,586201,49436,14298,32444,14147,11147,4846,2088
2022-05-24T13:39:57.459513,-9,70,78,229434,77650,142114,60772,46945,52495,20665,12086
2022-05-24T13:39:57.960730,70,70,78,229434,77650,142114,60772,46945,52495,20665,12086
2022-05-24T13:39:58.461991,-292,69,64,27471,47765,7358,2822,11549,10864,7000,1601
2022-05-24T13:39:58.963206,86,69,64,27471,47765,7358,2822,11549,10864,7000,1601
2022-05-24T13:39:59.464430,3,74,64,1721979,198946,61881,40540,57651,21381,15814,7114
2022-05-24T13:39:59.966578,21,74,64,1721979,198946,61881,40540,57651,21381,15814,7114
2022-05-24T13:40:00.467797,17,70,70,36057,3784,4439,7250,2584,1732,979,983
2022-05-24T13:40:00.969070,27,70,70,36057,3784,4439,7250,2584,1732,979,983
2022-05-24T13:40:01.470328,45,67,64,20903,26582,22440,5779,18380,6731,9016,1143
2022-05-24T13:40:01.971567,69,67,64,20903,26582,22440,5779,18380,6731,9016,1143
2022-05-24T13:40:02.472854,51,78,78,15576,6526,1691,13377,6321,9259,1880,2385
2022-05-24T13:40:02.974148,146,78,78,15576,6526,1691,13377,6321,9259,1880,2385
2022-05-24T13:40:03.475335,98,75,77,313168,163865,30356,28910,24874,11712,5010,4973
2022-05-24T13:40:03.976583,77,75,77,313168,163865,30356,28910,24874,11712,5010,4973
2022-05-24T13:40:04.477792,146,75,67,55694,43586,10294,15399,4382,7299,7578,1661
2022-05-24T13:40:04.979120,54,75,67,55694,43586,10294,15399,4382,7299,7578,1661
2022-05-24T13:40:05.480390,88,69,67,78737,29605,5896,22267,10775,4153,4460,1585
2022-05-24T13:40:05.981599,-139,69,67,78737,29605,5896,22267,10775,4153,4460,1585
2022-05-24T13:40:06.482936,137,48,70,327548,148183,72655,115804,38992,16808,17431,3122
2022-05-24T13:40:06.984358,-70,48,70,327548,148183,72655,115804,38992,16808,17431,3122
2022-05-24T13:40:07.485613,86,53,75,516899,171553,21032,63385,9251,20947,37282,14424
2022-05-24T13:40:07.986913,-7,53,75,516899,171553,21032,63385,9251,20947,37282,14424
2022-05-24T13:40:08.488390,98,44,70,179766,47834,11824,6688,3532,3393,4138,3996
2022-05-24T13:40:08.989647,29,44,70,179766,47834,11824,6688,3532,3393,4138,3996
2022-05-24T13:40:09.491378,32,60,66,1357468,21494,9283,4851,3727,12737,20757,8385
2022-05-24T13:40:09.993085,54,60,66,1357468,21494,9283,4851,3727,12737,20757,8385
2022-05-24T13:40:10.494408,83,83,66,37711,9826,15292,45686,19553,33021,32484,16049
2022-05-24T13:40:10.995908,113,83,66,37711,9826,15292,45686,19553,33021,32484,16049
2022-05-24T13:40:11.497133,97,93,77,8733,28191,1932,60125,4835,22315,10842,7995
2022-05-24T13:40:11.998389,130,93,77,8733,28191,1932,60125,4835,22315,10842,7995
2022-05-24T13:40:12.499630,22,100,78,151316,23080,11735,4459,2638,8505,15431,6180
2022-05-24T13:40:13.000855,-5,100,78,151316,23080,11735,4459,2638,8505,15431,6180
2022-05-24T13:40:13.502179,128,100,81,66647,44227,7140,39179,17229,29615,64152,19729
2022-05-24T13:40:14.003471,104,100,81,66647,44227,7140,39179,17229,29615,64152,19729
2022-05-24T13:40:14.504737,-74,94,70,547141,212769,19866,65906,49705,43215,44000,34866
2022-05-24T13:40:15.006115,-250,94,70,547141,212769,19866,65906,49705,43215,44000,34866
2022-05-24T13:40:15.507352,10,83,54,381752,65063,11516,4172,19721,5260,5964,3134
2022-05-24T13:40:16.008569,33,83,54,381752,65063,11516,4172,19721,5260,5964,3134
2022-05-24T13:40:16.509861,-13,77,47,696925,112031,23271,7073,19772,17741,9492,2310
2022-05-24T13:40:17.011091,-2,77,47,696925,112031,23271,7073,19772,17741,9492,2310
2022-05-24T13:40:17.512335,80,69,48,14081,26221,22153,4217,10382,7738,5088,580
2022-05-24T13:40:18.013569,80,69,48,14081,26221,22153,4217,10382,7738,5088,580
2022-05-24T13:40:18.514904,45,69,57,44708,60172,31565,53111,35342,17431,9569,5338
2022-05-24T13:40:19.016375,124,69,57,44708,60172,31565,53111,35342,17431,9569,5338
2022-05-24T13:40:19.517705,123,70,60,636589,100404,24370,5154,15234,11472,17243,8421
2022-05-24T13:40:20.019042,105,70,60,636589,100404,24370,5154,15234,11472,17243,8421
2022-05-24T13:40:20.520272,66,66,66,424271,95248,26110,26965,28304,12079,7092,3185
2022-05-24T13:40:21.021475,56,66,66,424271,95248,26110,26965,28304,12079,7092,3185
2022-05-24T13:40:21.522684,-40,74,66,24889,21541,17827,19488,25267,17227,1733,3814
2022-05-24T13:40:22.024006,105,74,66,24889,21541,17827,19488,25267,17227,1733,3814
2022-05-24T13:40:22.525252,41,50,54,53353,35421,4652,3083,690,535,443,150
2022-05-24T13:40:23.026656,3,50,54,53353,35421,4652,3083,690,535,443,150
2022-05-24T13:40:23.527998,-5,47,63,24717,37454,19308,12121,6573,4322,2469,1562
2022-05-24T13:40:24.029206,5,47,63,24717,37454,19308,12121,6573,4322,2469,1562
2022-05-24T13:40:24.530510,57,40,66,4764,30011,13727,26218,28793,2684,2453,2536
2022-05-24T13:40:25.031838,93,40,66,4764,30011,13727,26218,28793,2684,2453,2536
2022-05-24T13:40:25.532951,32,26,77,26859,15022,9861,43379,5555,5296,2476,1283
2022-05-24T13:40:26.034651,9,26,77,26859,15022,9861,43379,5555,5296,2476,1283
2022-05-24T13:40:26.535927,98,43,96,11994,9175,44966,2208,6943,4080,4508,1405
2022-05-24T13:40:27.037210,22,43,96,11994,9175,44966,2208,6943,4080,4508,1405
2022-05-24T13:40:27.538635,102,47,91,22457,53748,16128,8893,11522,6222,4146,1646
2022-05-24T13:40:28.039932,173,47,91,22457,53748,16128,8893,11522,6222,4146,1646
2022-05-24T13:40:28.541211,49,54,87,130964,104631,36054,14149,21554,12721,13091,4972
2022-05-24T13:40:29.042518,55,54,87,130964,104631,36054,14149,21554,12721,13091,4972
2022-05-24T13:40:29.543823,-5,70,70,88044,4954,1698,2711,2309,4249,1864,1640
2022-05-24T13:40:30.045164,50,70,70,88044,4954,1698,2711,2309,4249,1864,1640
2022-05-24T13:40:30.547531,-14,78,61,14993,28111,16484,14413,5834,8210,4934,648
2022-05-24T13:40:31.050133,25,78,61,14993,28111,16484,14413,5834,8210,4934,648
2022-05-24T13:40:31.551624,-97,87,61,343809,21085,7023,4776,6149,6381,5858,2747
2022-05-24T13:40:32.053542,115,87,61,343809,21085,7023,4776,6149,6381,5858,2747
2022-05-24T13:40:32.554861,81,87,69,171770,6232,6772,2710,1576,1303,1204,1243
2022-05-24T13:40:33.056271,80,87,69,171770,6232,6772,2710,1576,1303,1204,1243
2022-05-24T13:40:33.557726,120,75,84,7500,5778,13194,14054,3350,4955,4587,3121
2022-05-24T13:40:34.059058,36,75,84,7500,5778,13194,14054,3350,4955,4587,3121
2022-05-24T13:40:34.560282,91,75,84,11320,14820,5026,17389,6060,6116,7462,2048
2022-05-24T13:40:35.061520,-67,75,84,11320,14820,5026,17389,6060,6116,7462,2048
2022-05-24T13:40:35.562752,85,61,88,409948,59016,4592,34884,12537,5021,3851,2651
2022-05-24T13:40:36.064135,36,61,88,409948,59016,4592,34884,12537,5021,3851,2651
2022-05-24T13:40:36.565208,34,63,83,20370,38752,18130,8761,4923,6919,3852,1821
2022-05-24T13:40:37.066657,21,63,83,20370,38752,18130,8761,4923,6919,3852,1821
2022-05-24T13:40:37.568001,336,57,78,11923,6152,4881,23060,12435,2996,2105,2205
2022-05-24T13:40:38.069262,-21,57,78,11923,6152,4881,23060,12435,2996,2105,2205
2022-05-24T13:40:38.570548,57,47,64,82272,23454,2303,1338,1761,1237,472,205
2022-05-24T13:40:39.071786,65,47,64,82272,23454,2303,1338,1761,1237,472,205
2022-05-24T13:40:39.573019,90,54,67,14631,21622,9328,16859,7321,5229,3036,2275
2022-05-24T13:40:40.074493,96,54,67,14631,21622,9328,16859,7321,5229,3036,2275
2022-05-24T13:40:40.575762,138,70,60,13526,13342,1420,5878,6883,10828,3486,3653
2022-05-24T13:40:41.077212,59,70,60,13526,13342,1420,5878,6883,10828,3486,3653
2022-05-24T13:40:41.578544,98,69,54,25425,19855,9423,12932,5256,2971,4892,1507
2022-05-24T13:40:42.079830,81,69,54,25425,19855,9423,12932,5256,2971,4892,1507
2022-05-24T13:40:42.581183,54,83,67,5026,13025,3605,10650,1969,4694,2415,1566
2022-05-24T13:40:43.082396,33,83,67,5026,13025,3605,10650,1969,4694,2415,1566
2022-05-24T13:40:43.583648,20,69,60,62693,94703,11994,13767,13573,3589,5552,3756
2022-05-24T13:40:44.084933,38,69,60,62693,94703,11994,13767,13573,3589,5552,3756
2022-05-24T13:40:44.586202,39,53,69,37581,21188,22500,11930,21107,5233,2445,4928
2022-05-24T13:40:45.087422,39,53,69,37581,21188,22500,11930,21107,5233,2445,4928
2022-05-24T13:40:45.588808,71,51,63,1606115,110991,18812,28633,9881,8557,4407,2954
2022-05-24T13:40:46.090016,3,51,63,1606115,110991,18812,28633,9881,8557,4407,2954
2022-05-24T13:40:46.591291,49,40,75,21938,10326,19679,24382,2749,3114,3551,1279
2022-05-24T13:40:47.092498,68,40,75,21938,10326,19679,24382,2749,3114,3551,1279
2022-05-24T13:40:47.593728,108,63,74,36195,20920,1896,5992,7201,10137,4630,2055
2022-05-24T13:40:48.094937,116,63,74,36195,20920,1896,5992,7201,10137,4630,2055
2022-05-24T13:40:48.596198,70,66,74,34345,23295,10323,15624,2972,6241,1031,1576
2022-05-24T13:40:49.097477,-9,66,74,34345,23295,10323,15624,2972,6241,1031,1576
2022-05-24T13:40:49.598809,24,70,83,2691,12200,13851,7193,2902,3322,3499,967
2022-05-24T13:40:50.100107,2,70,83,2691,12200,13851,7193,2902,3322,3499,967
2022-05-24T13:40:50.601430,54,74,74,16093,18279,8016,11431,4849,2342,2519,1612
2022-05-24T13:40:51.102737,37,74,74,16093,18279,8016,11431,4849,2342,2519,1612
2022-05-24T13:40:51.604430,-5,53,84,623086,89525,59969,25782,5702,7745,2325,1383
2022-05-24T13:40:52.105866,12,53,84,623086,89525,59969,25782,5702,7745,2325,1383
2022-05-24T13:40:52.607125,100,40,90,35340,39828,33257,33079,2260,3567,2961,970
2022-05-24T13:40:53.108408,116,40,90,35340,39828,33257,33079,2260,3567,2961,970
2022-05-24T13:40:53.610499,67,41,83,6558,20691,1635,15606,12681,4281,2265,1103
2022-05-24T13:40:54.112176,71,41,83,6558,20691,1635,15606,12681,4281,2265,1103
2022-05-24T13:40:54.613591,55,47,75,29048,24467,4655,7937,8784,4045,3676,1504
2022-05-24T13:40:55.115019,41,47,75,29048,24467,4655,7937,8784,4045,3676,1504
2022-05-24T13:40:55.616390,5,53,67,19664,43012,15400,8954,7996,6878,4325,1166
2022-05-24T13:40:56.117793,40,53,67,19664,43012,15400,8954,7996,6878,4325,1166
2022-05-24T13:40:56.619277,33,56,63,7742,25630,1473,27965,8774,2509,1910,2035
2022-05-24T13:40:57.120707,-4,56,63,7742,25630,1473,27965,8774,2509,1910,2035
2022-05-24T13:40:57.622000,48,74,61,16715,6651,4412,5378,9666,9623,1503,1549
2022-05-24T13:40:58.123291,10,74,61,16715,6651,4412,5378,9666,9623,1503,1549
2022-05-24T13:40:58.624602,135,74,69,26496,12719,10023,11526,7841,4006,8404,4369
2022-05-24T13:40:59.126721,87,74,69,26496,12719,10023,11526,7841,4006,8404,4369
2022-05-24T13:40:59.628202,82,88,70,2644,15805,4717,8708,2713,11967,3127,2533
2022-05-24T13:41:00.129543,83,88,70,2644,15805,4717,8708,2713,11967,3127,2533
2022-05-24T13:41:00.630837,24,91,80,2497,8104,9675,22128,4022,2733,2806,755
2022-05-24T13:41:01.132127,23,91,80,2497,8104,9675,22128,4022,2733,2806,755
2022-05-24T13:41:01.633421,41,74,81,12171,30039,11114,6613,5413,3650,1643,727
2022-05-24T13:41:02.134635,28,74,81,12171,30039,11114,6613,5413,3650,1643,727
2022-05-24T13:41:02.635908,32,70,67,27186,65604,4896,9013,5545,7798,3305,1684
2022-05-24T13:41:03.137163,91,70,67,27186,65604,4896,9013,5545,7798,3305,1684
2022-05-24T13:41:03.638358,48,56,74,30060,27326,5982,21319,2261,4257,3660,1411
2022-05-24T13:41:04.139609,103,56,74,30060,27326,5982,21319,2261,4257,3660,1411
2022-05-24T13:41:04.640817,76,61,61,17506,22481,6405,19982,15930,4620,6396,862
2022-05-24T13:41:05.142142,103,61,61,17506,22481,6405,19982,15930,4620,6396,862
2022-05-24T13:41:05.643531,28,77,63,6167,6042,6520,1502,3916,5556,1116,540
2022-05-24T13:41:06.144878,292,77,63,6167,6042,6520,1502,3916,5556,1116,540
2022-05-24T13:41:06.646266,139,74,75,1634114,212541,228670,63986,109037,37722,92115,48533
2022-05-24T13:41:07.147530,-333,74,75,1634114,212541,228670,63986,109037,37722,92115,48533
2022-05-24T13:41:07.648775,82,67,64,127528,97508,17830,12848,32310,6483,3952,4810
2022-05-24T13:41:08.150105,86,67,64,127528,97508,17830,12848,32310,6483,3952,4810
2022-05-24T13:41:08.651495,140,77,61,41119,4209,1297,3614,6525,2386,2264,748
2022-05-24T13:41:09.152772,32,77,61,41119,4209,1297,3614,6525,2386,2264,748
2022-05-24T13:41:09.654107,85,53,77,103590,3498,12625,10078,2890,880,734,1417
2022-05-24T13:41:10.155385,35,53,77,103590,3498,12625,10078,2890,880,734,1417
2022-05-24T13:41:10.656739,77,56,74,204211,48616,3487,32426,5304,8216,4107,1066
2022-05-24T13:41:11.157992,100,56,74,204211,48616,3487,32426,5304,8216,4107,1066
2022-05-24T13:41:11.659329,114,74,78,9378,22105,4906,8215,4590,8164,3656,2784
2022-05-24T13:41:12.160598,81,74,78,9378,22105,4906,8215,4590,8164,3656,2784
2022-05-24T13:41:12.661823,148,61,90,9891,14700,33552,27050,15833,7085,5489,3263
2022-05-24T13:41:13.163063,73,61,90,9891,14700,33552,27050,15833,7085,5489,3263
2022-05-24T13:41:13.664336,76,80,75,257158,116495,60599,48977,39738,46235,25950,12622
2022-05-24T13:41:14.165576,3,80,75,257158,116495,60599,48977,39738,46235,25950,12622
2022-05-24T13:41:14.666808,49,81,75,220345,21812,3464,18969,6294,5256,2914,717
2022-05-24T13:41:15.168155,25,81,75,220345,21812,3464,18969,6294,5256,2914,717
2022-05-24T13:41:15.669395,-23,67,90,27670,5446,5002,10820,1515,1466,2505,1162
2022-05-24T13:41:16.170680,53,67,90,27670,5446,5002,10820,1515,1466,2505,1162
2022-05-24T13:41:16.672044,-141,70,67,106829,70170,7618,4484,9079,9793,4380,229
2022-05-24T13:41:17.173283,77,70,67,106829,70170,7618,4484,9079,9793,4380,229
2022-05-24T13:41:17.674533,64,63,57,247842,38199,4462,3698,8527,4355,1971,1456
2022-05-24T13:41:18.175945,76,63,57,247842,38199,4462,3698,8527,4355,1971,1456
2022-05-24T13:41:18.677188,92,54,60,8900,36519,8573,23020,3083,3627,2966,706
2022-05-24T13:41:19.178508,57,54,60,8900,36519,8573,23020,3083,3627,2966,706
2022-05-24T13:41:19.680200,-85,67,48,43695,20919,6990,14629,20424,10205,15641,3199
2022-05-24T13:41:20.181453,123,67,48,43695,20919,6990,14629,20424,10205,15641,3199
2022-05-24T13:41:20.682725,59,69,60,17727,14309,3107,9023,1575,3777,1214,579
2022-05-24T13:41:21.183944,75,69,60,17727,14309,3107,9023,1575,3777,1214,579
2022-05-24T13:41:21.685187,-13,66,64,228862,64577,15732,4415,5090,5891,3088,2497
2022-05-24T13:41:22.186419,43,66,64,228862,64577,15732,4415,5090,5891,3088,2497
2022-05-24T13:41:22.687678,41,67,60,6365,32179,13039,8518,8475,3315,3129,1078
2022-05-24T13:41:23.188928,37,67,60,6365,32179,13039,8518,8475,3315,3129,1078
2022-05-24T13:41:23.690186,39,66,61,42440,16083,7857,8225,9806,6759,3046,2214
2022-05-24T13:41:24.191454,16,66,61,42440,16083,7857,8225,9806,6759,3046,2214
2022-05-24T13:41:24.692770,117,54,60,440303,128892,52226,13178,8797,8257,4348,3195
2022-05-24T13:41:25.194056,-13,54,60,440303,128892,52226,13178,8797,8257,4348,3195
2022-05-24T13:41:25.695293,69,61,67,54409,6141,7845,2310,3936,2289,2705,3450
2022-05-24T13:41:26.196607,177,61,67,54409,6141,7845,2310,3936,2289,2705,3450
2022-05-24T13:41:26.697857,80,69,67,1382828,97780,22314,49939,14829,23557,23556,8977
2022-05-24T13:41:27.199140,64,69,67,1382828,97780,22314,49939,14829,23557,23556,8977
2022-05-24T13:41:27.700383,65,61,60,39437,22719,3709,944,4753,2493,2636,674
2022-05-24T13:41:28.201729,53,61,60,39437,22719,3709,944,4753,2493,2636,674
2022-05-24T13:41:28.703025,22,63,61,7426,20401,14946,6452,10377,2464,3737,1669
2022-05-24T13:41:29.204313,28,63,61,7426,20401,14946,6452,10377,2464,3737,1669
2022-05-24T13:41:29.705530,26,63,56,16105,20638,4621,8696,6499,5325,2051,1269
2022-05-24T13:41:30.206743,87,63,56,16105,20638,4621,8696,6499,5325,2051,1269
2022-05-24T13:41:30.708025,71,61,63,25973,41197,51706,17717,7258,13023,2160,862
2022-05-24T13:41:31.209272,65,61,63,25973,41197,51706,17717,7258,13023,2160,862
2022-05-24T13:41:31.710477,253,57,70,80328,43560,21078,697,2950,3837,9064,2147
2022-05-24T13:41:32.211726,-394,57,70,80328,43560,21078,697,2950,3837,9064,2147
2022-05-24T13:41:32.712941,194,69,63,674834,134065,35089,8001,10025,35807,12337,5088
2022-05-24T13:41:33.214135,53,69,63,674834,134065,35089,8001,10025,35807,12337,5088
2022-05-24T13:41:33.715255,134,60,64,72645,13330,4809,6878,7005,1502,468,666
2022-05-24T13:41:34.216618,55,60,64,72645,13330,4809,6878,7005,1502,468,666
2022-05-24T13:41:34.717850,65,60,66,5976,13826,28921,19407,18262,8661,2064,4028
2022-05-24T13:41:35.219221,53,60,66,5976,13826,28921,19407,18262,8661,2064,4028
2022-05-24T13:41:35.720440,86,69,64,14752,31256,8967,8956,8575,7334,2777,2409
2022-05-24T13:41:36.221797,25,69,64,14752,31256,8967,8956,8575,7334,2777,2409
2022-05-24T13:41:36.723140,38,61,78,9820,31847,24237,15729,5126,7428,2331,4356
2022-05-24T13:41:37.224378,4,61,78,9820,31847,24237,15729,5126,7428,2331,4356
2022-05-24T13:41:37.725846,49,67,81,7804,29134,4604,28252,9194,6314,3941,2568
2022-05-24T13:41:38.227065,98,67,81,7804,29134,4604,28252,9194,6314,3941,2568
2022-05-24T13:41:38.728405,34,75,74,2907,8594,9408,5686,16281,6441,6345,773
2022-05-24T13:41:39.229638,91,75,74,2907,8594,9408,5686,16281,6441,6345,773
2022-05-24T13:41:39.730886,89,61,87,15258,29558,31492,30231,2798,3704,1869,1351
2022-05-24T13:41:40.232176,84,61,87,15258,29558,31492,30231,2798,3704,1869,1351
2022-05-24T13:41:40.733547,96,63,83,7623,9965,1751,10876,6998,2906,3651,1248
2022-05-24T13:41:41.234819,97,63,83,7623,9965,1751,10876,6998,2906,3651,1248
2022-05-24T13:41:41.736118,52,69,87,23764,8678,3853,24618,8190,7181,2717,3732
2022-05-24T13:41:42.237393,49,69,87,23764,8678,3853,24618,8190,7181,2717,3732
2022-05-24T13:41:42.738610,42,56,90,33793,35463,15757,11208,8894,4517,4405,1410
2022-05-24T13:41:43.239964,44,56,90,33793,35463,15757,11208,8894,4517,4405,1410
2022-05-24T13:41:43.741254,17,69,83,16432,10019,11099,7592,7132,4930,3528,1277
2022-05-24T13:41:44.242501,4,69,83,16432,10019,11099,7592,7132,4930,3528,1277
2022-05-24T13:41:44.743797,38,74,84,10611,15472,12775,5092,2651,6250,1884,656
2022-05-24T13:41:45.245049,66,74,84,10611,15472,12775,5092,2651,6250,1884,656
2022-05-24T13:41:45.746519,97,57,87,10187,16769,7331,32289,8355,2355,2759,1001
2022-05-24T13:41:46.247962,82,57,87,10187,16769,7331,32289,8355,2355,2759,1001
2022-05-24T13:41:46.749322,144,61,93,8913,17870,12570,21903,7322,4524,2908,2189
2022-05-24T13:41:47.250577,37,61,93,8913,17870,12570,21903,7322,4524,2908,2189
2022-05-24T13:41:47.751808,16,53,87,50059,14660,7075,1849,3363,1582,1174,434
2022-05-24T13:41:48.253025,36,53,87,50059,14660,7075,1849,3363,1582,1174,434
2022-05-24T13:41:48.754369,-4,44,83,10067,45360,10139,23599,7349,6094,1113,1653
2022-05-24T13:41:49.256186,-1,44,83,10067,45360,10139,23599,7349,6094,1113,1653
2022-05-24T13:41:49.757414,32,54,66,9566,48310,1721,11104,4891,7299,3302,3597
2022-05-24T13:41:50.259208,65,54,66,9566,48310,1721,11104,4891,7299,3302,3597
2022-05-24T13:41:50.760662,42,48,74,5961,15264,67816,18560,8074,4572,3045,1229
2022-05-24T13:41:51.262361,227,48,74,5961,15264,67816,18560,8074,4572,3045,1229
2022-05-24T13:41:51.763557,132,50,70,44915,23658,2605,9839,5253,3202,690,858
2022-05-24T13:41:52.264832,97,50,70,44915,23658,2605,9839,5253,3202,690,858
2022-05-24T13:41:52.766192,70,57,74,14406,19099,18520,15227,20224,7872,4430,2729
2022-05-24T13:41:53.267418,77,57,74,14406,19099,18520,15227,20224,7872,4430,2729
2022-05-24T13:41:53.768839,24,54,81,14878,26891,16498,6879,15878,4240,2217,5427
2022-05-24T13:41:54.270304,76,54,81,14878,26891,16498,6879,15878,4240,2217,5427
2022-05-24T13:41:54.771564,21,70,64,32112,19442,14605,5126,9690,9340,3460,1853
2022-05-24T13:41:55.273054,6,70,64,32112,19442,14605,5126,9690,9340,3460,1853
2022-05-24T13:41:55.774326,-8,87,67,4884,19632,12757,7723,9038,13714,4576,2263
2022-05-24T13:41:56.275630,72,87,67,4884,19632,12757,7723,9038,13714,4576,2263
2022-05-24T13:41:56.777033,93,91,67,16941,5810,15117,4455,12461,6640,3391,3381
2022-05-24T13:41:57.278230,99,91,67,16941,5810,15117,4455,12461,6640,3391,3381
2022-05-24T13:41:57.779885,89,96,80,6555,7607,18113,16135,5627,6120,4691,3151
2022-05-24T13:41:58.281628,66,96,80,6555,7607,18113,16135,5627,6120,4691,3151
2022-05-24T13:41:58.782909,-198,81,78,82191,52604,25068,11918,30041,5451,5993,2194
2022-05-24T13:41:59.284225,65,81,78,82191,52604,25068,11918,30041,5451,5993,2194
2022-05-24T13:41:59.785595,-209,61,74,70685,96756,16621,13303,3691,6217,2259,3635
2022-05-24T13:42:00.286898,195,43,61,461158,551601,98056,31658,62519,27736,28473,22587
2022-05-24T13:42:00.788234,172,43,61,461158,551601,98056,31658,62519,27736,28473,22587
2022-05-24T13:42:01.289569,113,37,44,116915,64457,12962,9005,6404,6294,2995,1293
2022-05-24T13:42:01.790778,35,37,44,116915,64457,12962,9005,6404,6294,2995,1293
2022-05-24T13:42:02.292506,72,24,44,678220,452510,144614,76159,16067,13547,21954,11318
2022-05-24T13:42:02.793723,341,24,44,678220,452510,144614,76159,16067,13547,21954,11318
2022-05-24T13:42:03.295056,-4,30,30,139779,160163,9413,3721,33361,15382,19127,5193
2022-05-24T13:42:03.796720,4,30,30,139779,160163,9413,3721,33361,15382,19127,5193
2022-05-24T13:42:04.297916,73,57,40,14161,21310,22259,13385,9682,29194,9275,2694
2022-05-24T13:42:04.799133,50,57,40,14161,21310,22259,13385,9682,29194,9275,2694
2022-05-24T13:42:05.300368,84,66,57,9278,6465,10429,33661,7907,9592,15443,3791
2022-05-24T13:42:05.802581,34,66,57,9278,6465,10429,33661,7907,9592,15443,3791
2022-05-24T13:42:06.303830,23,84,64,8929,23185,40525,5460,12959,8468,2291,2815
2022-05-24T13:42:06.805037,12,84,64,8929,23185,40525,5460,12959,8468,2291,2815
2022-05-24T13:42:07.306893,12,84,94,23427,9303,6740,31939,7490,3885,3394,2995
2022-05-24T13:42:07.808103,0,84,94,23427,9303,6740,31939,7490,3885,3394,2995
2022-05-24T13:42:08.310409,101,61,91,34109,51149,10611,9817,5981,3953,3330,2402
2022-05-24T13:42:08.812073,81,61,91,34109,51149,10611,9817,5981,3953,3330,2402
2022-05-24T13:42:09.313305,55,54,83,3290,21798,12989,34382,31333,6610,3395,1212
2022-05-24T13:42:09.814564,65,54,83,3290,21798,12989,34382,31333,6610,3395,1212
2022-05-24T13:42:10.315792,6,47,70,189287,159803,16206,31235,6354,11514,5174,2932
2022-05-24T13:42:10.816999,24,47,70,189287,159803,16206,31235,6354,11514,5174,2932
2022-05-24T13:42:11.318211,23,61,56,626344,61329,12914,24867,11552,37568,51419,20078
2022-05-24T13:42:11.819526,182,61,56,626344,61329,12914,24867,11552,37568,51419,20078
2022-05-24T13:42:12.320750,52,77,57,35908,35935,10880,21688,13254,18197,34475,7417
2022-05-24T13:42:12.822063,32,77,57,35908,35935,10880,21688,13254,18197,34475,7417
2022-05-24T13:42:13.323407,9,78,57,41985,45253,25351,28465,18689,11393,9913,3122
2022-05-24T13:42:13.824690,22,78,57,41985,45253,25351,28465,18689,11393,9913,3122
2022-05-24T13:42:14.326033,-10,94,57,12575,30996,3502,12490,12182,13732,6242,1725
2022-05-24T13:42:14.827408,82,94,57,12575,30996,3502,12490,12182,13732,6242,1725
2022-05-24T13:42:15.328677,75,87,60,12966,68739,27193,9945,8924,16629,10144,4543
2022-05-24T13:42:15.829950,112,87,60,12966,68739,27193,9945,8924,16629,10144,4543
2022-05-24T13:42:16.331210,88,94,54,6858,7689,681,18345,37571,30012,10639,4703
2022-05-24T13:42:16.832453,105,94,54,6858,7689,681,18345,37571,30012,10639,4703
2022-05-24T13:42:17.333807,89,100,51,23402,12067,14718,9892,20761,19271,5472,4185
2022-05-24T13:42:17.835049,-186,100,51,23402,12067,14718,9892,20761,19271,5472,4185
2022-05-24T13:42:18.336390,35,96,56,534931,35470,16048,9908,2333,9736,4446,2458
2022-05-24T13:42:18.837676,9,96,56,534931,35470,16048,9908,2333,9736,4446,2458
2022-05-24T13:42:19.338916,61,94,43,46152,91898,3887,6926,9479,17898,8671,8253
2022-05-24T13:42:19.840210,-6,94,43,46152,91898,3887,6926,9479,17898,8671,8253
2022-05-24T13:42:20.341450,21,87,53,80072,15450,7505,24366,12978,18561,11109,5594
2022-05-24T13:42:20.842779,-44,87,53,80072,15450,7505,24366,12978,18561,11109,5594
2022-05-24T13:42:21.344015,38,80,54,55202,9994,15141,944,7506,6971,8078,3115
2022-05-24T13:42:21.845399,227,80,54,55202,9994,15141,944,7506,6971,8078,3115
2022-05-24T13:42:22.346675,88,74,48,764929,53117,9699,6968,7880,5361,15262,2512
2022-05-24T13:42:22.847896,18,74,48,764929,53117,9699,6968,7880,5361,15262,2512
2022-05-24T13:42:23.349123,148,70,56,1387888,141164,13197,25496,6215,26324,48749,33907
2022-05-24T13:42:23.850435,178,70,56,1387888,141164,13197,25496,6215,26324,48749,33907
2022-05-24T13:42:24.351719,-23,67,54,537460,25439,22434,6920,11626,16305,4964,6960
2022-05-24T13:42:24.852938,37,67,54,537460,25439,22434,6920,11626,16305,4964,6960
2022-05-24T13:42:25.354301,89,57,50,105325,28276,14151,3605,15738,3978,6125,3941
2022-05-24T13:42:25.855540,34,57,50,105325,28276,14151,3605,15738,3978,6125,3941
2022-05-24T13:42:26.356844,38,81,50,26450,5188,11179,3914,12788,41331,15358,6427
2022-05-24T13:42:26.858141,24,81,50,26450,5188,11179,3914,12788,41331,15358,6427
2022-05-24T13:42:27.359523,52,75,60,84596,45544,31877,23491,13783,7974,4005,1071
2022-05-24T13:42:27.860822,91,75,60,84596,45544,31877,23491,13783,7974,4005,1071
2022-05-24T13:42:28.362143,124,67,64,117175,2409,3351,5309,4643,2324,1941,583
2022-05-24T13:42:28.863363,148,67,64,117175,2409,3351,5309,4643,2324,1941,583
2022-05-24T13:42:29.364582,82,61,60,50155,44423,8457,2581,1140,2309,727,242
2022-05-24T13:42:29.865928,2,61,60,50155,44423,8457,2581,1140,2309,727,242
2022-05-24T13:42:30.367291,162,41,50,847558,92322,1370,8529,5872,17520,16414,5635
2022-05-24T13:42:30.868612,52,41,50,847558,92322,1370,8529,5872,17520,16414,5635
2022-05-24T13:42:31.370010,24,48,38,134221,11120,1553,1522,1249,2627,1701,4866
2022-05-24T13:42:31.871232,9,48,38,134221,11120,1553,1522,1249,2627,1701,4866
2022-05-24T13:42:32.372466,-5,51,26,25367,37221,7810,7504,8807,16661,5338,4189
2022-05-24T13:42:32.873837,72,51,26,25367,37221,7810,7504,8807,16661,5338,4189
2022-05-24T13:42:33.375196,71,61,47,15754,10223,25666,24453,6125,8364,9649,2693
2022-05-24T13:42:33.876486,29,61,47,15754,10223,25666,24453,6125,8364,9649,2693
2022-05-24T13:42:34.377821,134,61,64,36659,41866,35431,14008,12787,16200,5007,2387
2022-05-24T13:42:34.879127,24,61,64,36659,41866,35431,14008,12787,16200,5007,2387
2022-05-24T13:42:35.380451,82,63,69,13330,36421,16452,2684,8741,13821,2278,2051
2022-05-24T13:42:35.881665,83,63,69,13330,36421,16452,2684,8741,13821,2278,2051
2022-05-24T13:42:36.382893,124,47,75,33922,41270,12995,20436,30361,3163,7234,4323
2022-05-24T13:42:36.884203,6,47,75,33922,41270,12995,20436,30361,3163,7234,4323
2022-05-24T13:42:37.385436,74,41,63,111468,71488,38131,16586,12811,10663,3775,1391
2022-05-24T13:42:37.886690,39,41,63,111468,71488,38131,16586,12811,10663,3775,1391
2022-05-24T13:42:38.388069,9,37,64,3543,27224,4507,27424,10254,5174,4262,2291
2022-05-24T13:42:38.889387,32,37,64,3543,27224,4507,27424,10254,5174,4262,2291
2022-05-24T13:42:39.390698,27,34,69,84876,14426,9054,12101,10070,6388,4055,1752
2022-05-24T13:42:39.892080,87,34,69,84876,14426,9054,12101,10070,6388,4055,1752
2022-05-24T13:42:40.393306,-14,38,81,14191,25470,32199,23001,5675,5435,4021,1698
2022-05-24T13:42:40.894657,96,38,81,14191,25470,32199,23001,5675,5435,4021,1698
2022-05-24T13:42:41.396870,90,38,74,55973,84711,6689,17693,11293,9295,5003,2542
2022-05-24T13:42:41.898278,32,38,74,55973,84711,6689,17693,11293,9295,5003,2542
2022-05-24T13:42:42.399661,17,41,57,51780,67878,6548,5630,10168,9497,2803,2291
2022-05-24T13:42:42.901059,19,41,57,51780,67878,6548,5630,10168,9497,2803,2291
2022-05-24T13:42:43.402360,5,43,60,21210,21418,18037,11819,7242,10352,2314,1823
2022-05-24T13:42:43.903604,82,43,60,21210,21418,18037,11819,7242,10352,2314,1823
2022-05-24T13:42:44.404984,138,38,47,109219,87608,27595,4955,4835,4139,2105,1166
2022-05-24T13:42:44.906303,43,38,47,109219,87608,27595,4955,4835,4139,2105,1166
2022-05-24T13:42:45.407549,48,30,48,35157,104011,16690,16621,6377,6087,2738,1850
2022-05-24T13:42:45.908793,102,30,48,35157,104011,16690,16621,6377,6087,2738,1850
2022-05-24T13:42:46.410230,43,24,57,32929,56121,4667,25636,13799,4702,7492,2121
2022-05-24T13:42:46.911625,66,24,57,32929,56121,4667,25636,13799,4702,7492,2121
2022-05-24T13:42:47.412912,183,20,50,717851,121337,46753,5231,23417,17042,2300,1018
2022-05-24T13:42:47.914293,-39,20,50,717851,121337,46753,5231,23417,17042,2300,1018
2022-05-24T13:42:48.416929,54,21,57,529915,81020,35502,54838,12845,6929,2876,3208
2022-05-24T13:42:48.919695,26,21,57,529915,81020,35502,54838,12845,6929,2876,3208
2022-05-24T13:42:49.422237,57,26,61,77140,81583,22430,20549,12750,11567,1983,3402
2022-05-24T13:42:49.924810,76,26,61,77140,81583,22430,20549,12750,11567,1983,3402
2022-05-24T13:42:50.427881,65,27,64,72506,67857,22355,25246,7938,7853,3994,1695
2022-05-24T13:42:50.929139,28,27,64,72506,67857,22355,25246,7938,7853,3994,1695
2022-05-24T13:42:51.430423,88,29,63,237734,49726,8771,14845,22590,8966,5601,1808
2022-05-24T13:42:51.931805,76,29,63,237734,49726,8771,14845,22590,8966,5601,1808
2022-05-24T13:42:52.433020,53,38,51,14831,40542,3587,9130,4527,6892,1190,701
2022-05-24T13:42:52.934514,36,38,51,14831,40542,3587,9130,4527,6892,1190,701
2022-05-24T13:42:53.435888,-33,34,44,9401,72319,573,13586,5626,3399,1419,853
2022-05-24T13:42:53.937133,147,34,44,9401,72319,573,13586,5626,3399,1419,853
2022-05-24T13:42:54.438348,20,27,38,207712,163512,36325,12243,13041,7830,2666,1936
2022-05-24T13:42:54.939570,82,27,38,207712,163512,36325,12243,13041,7830,2666,1936
2022-05-24T13:42:55.440841,42,23,37,32584,48555,9294,5156,6914,4952,3591,1986
2022-05-24T13:42:55.942275,84,23,37,32584,48555,9294,5156,6914,4952,3591,1986
2022-05-24T13:42:56.443567,134,29,44,2965,10603,4458,10755,2989,7279,3359,694
2022-05-24T13:42:56.944984,34,29,44,2965,10603,4458,10755,2989,7279,3359,694
2022-05-24T13:42:57.446276,67,34,48,52320,115106,10075,20798,5435,8407,2326,1576
2022-05-24T13:42:57.947606,22,34,48,52320,115106,10075,20798,5435,8407,2326,1576
2022-05-24T13:42:58.448881,85,50,57,6022,14276,21232,5146,5729,11696,2857,1058
2022-05-24T13:42:58.950136,67,50,57,6022,14276,21232,5146,5729,11696,2857,1058
2022-05-24T13:42:59.451424,24,51,74,14171,17603,14151,17981,4747,4168,2980,2254
2022-05-24T13:42:59.952696,18,51,74,14171,17603,14151,17981,4747,4168,2980,2254
2022-05-24T13:43:00.453942,68,48,70,4896,19873,2770,19356,7344,8134,2678,1336
2022-05-24T13:43:00.955244,19,48,70,4896,19873,2770,19356,7344,8134,2678,1336
2022-05-24T13:43:01.456503,23,51,84,9396,23252,20793,30645,10879,7406,2898,4898
2022-05-24T13:43:01.957854,27,51,84,9396,23252,20793,30645,10879,7406,2898,4898
2022-05-24T13:43:02.459091,101,43,84,5347,29050,20225,6916,7775,6574,2839,1933
2022-05-24T13:43:02.960059,74,43,84,5347,29050,20225,6916,7775,6574,2839,1933
2022-05-24T13:43:03.461416,44,48,69,2627,46785,11024,4775,3028,9637,1574,2754
2022-05-24T13:43:03.962657,68,48,69,2627,46785,11024,4775,3028,9637,1574,2754
2022-05-24T13:43:04.464680,34,48,66,5059,26254,3748,9572,6174,7279,1759,2584
2022-05-24T13:43:04.966005,23,48,66,5059,26254,3748,9572,6174,7279,1759,2584
2022-05-24T13:43:05.466995,-4,44,64,4542,36898,9379,40042,8139,6054,4719,976
2022-05-24T13:43:05.968258,24,44,64,4542,36898,9379,40042,8139,6054,4719,976
2022-05-24T13:43:06.469247,35,54,64,4513,17111,13130,21197,13597,19302,5545,1794
2022-05-24T13:43:06.970600,38,54,64,4513,17111,13130,21197,13597,19302,5545,1794
2022-05-24T13:43:07.471584,42,56,75,6720,11905,20633,5246,13625,7228,3048,1209
2022-05-24T13:43:07.973047,64,56,75,6720,11905,20633,5246,13625,7228,3048,1209
2022-05-24T13:43:08.474742,76,54,77,76829,12999,6416,4878,6702,3368,1402,864
2022-05-24T13:43:08.975786,71,54,77,76829,12999,6416,4878,6702,3368,1402,864
2022-05-24T13:43:09.477036,89,53,78,185964,43771,42825,46507,13425,7508,2727,2762
2022-05-24T13:43:09.978316,75,53,78,185964,43771,42825,46507,13425,7508,2727,2762
2022-05-24T13:43:10.479590,70,41,67,109656,43151,6952,6388,7478,5119,3099,3889
2022-05-24T13:43:10.980890,-9,41,67,109656,43151,6952,6388,7478,5119,3099,3889
2022-05-24T13:43:11.482145,32,40,63,9819,24482,6161,10241,2379,6379,2021,1561
2022-05-24T13:43:11.983085,-3,40,63,9819,24482,6161,10241,2379,6379,2021,1561
2022-05-24T13:43:12.484422,-14,40,69,14343,28368,17032,23350,5884,9968,3386,2717
2022-05-24T13:43:12.985745,64,40,69,14343,28368,17032,23350,5884,9968,3386,2717
2022-05-24T13:43:13.487074,58,40,78,12848,13824,54181,28335,6652,5258,1375,1551
2022-05-24T13:43:13.988298,21,40,78,12848,13824,54181,28335,6652,5258,1375,1551
2022-05-24T13:43:14.489619,40,38,91,6785,18122,3855,22851,3507,3120,2872,1914
2022-05-24T13:43:14.990864,91,38,91,6785,18122,3855,22851,3507,3120,2872,1914
2022-05-24T13:43:15.492585,85,37,93,17153,37090,13278,16440,5389,10023,4043,1768
2022-05-24T13:43:15.993965,88,37,93,17153,37090,13278,16440,5389,10023,4043,1768
2022-05-24T13:43:16.495346,87,41,94,34971,18833,23909,11955,4134,13230,2389,663
2022-05-24T13:43:16.996672,28,41,94,34971,18833,23909,11955,4134,13230,2389,663
2022-05-24T13:43:17.497993,261,35,80,34088,35860,5236,22401,5253,1623,3599,573
2022-05-24T13:43:17.999312,-74,35,80,34088,35860,5236,22401,5253,1623,3599,573
2022-05-24T13:43:18.500552,-12,34,78,1453575,184956,190431,40748,37757,28241,20318,12029
2022-05-24T13:43:19.001508,97,34,78,1453575,184956,190431,40748,37757,28241,20318,12029
2022-05-24T13:43:19.502837,33,27,80,14381,18918,9392,8196,4100,2067,3013,1166
2022-05-24T13:43:20.004208,55,27,80,14381,18918,9392,8196,4100,2067,3013,1166
2022-05-24T13:43:20.505586,55,21,69,92374,35347,8705,5591,2415,5075,702,562
2022-05-24T13:43:21.006669,147,21,69,92374,35347,8705,5591,2415,5075,702,562
2022-05-24T13:43:21.508024,113,34,63,29164,16127,4208,3871,6408,3005,526,515
2022-05-24T13:43:22.008981,149,34,63,29164,16127,4208,3871,6408,3005,526,515
2022-05-24T13:43:22.510295,51,35,53,129680,26127,6247,4115,6073,2757,2743,1175
2022-05-24T13:43:23.011506,-150,35,53,129680,26127,6247,4115,6073,2757,2743,1175
2022-05-24T13:43:23.512509,114,27,50,175686,45715,23729,2975,2712,2030,1023,883
2022-05-24T13:43:24.013834,89,27,50,175686,45715,23729,2975,2712,2030,1023,883
2022-05-24T13:43:24.514869,6,37,56,551,1600,1945,2527,3391,1780,520,558
2022-05-24T13:43:25.016198,2,37,56,551,1600,1945,2527,3391,1780,520,558
2022-05-24T13:43:25.517405,20,44,63,9630,5025,8084,4996,4775,6372,3976,1117
2022-05-24T13:43:26.018650,36,44,63,9630,5025,8084,4996,4775,6372,3976,1117
2022-05-24T13:43:26.519829,43,51,75,5580,19241,3447,29833,5938,8060,2550,3934
2022-05-24T13:43:27.020776,26,51,75,5580,19241,3447,29833,5938,8060,2550,3934
2022-05-24T13:43:27.522441,67,60,78,43366,26050,27560,2739,6960,4683,4403,2402
2022-05-24T13:43:28.023379,100,60,78,43366,26050,27560,2739,6960,4683,4403,2402
2022-05-24T13:43:28.524568,69,57,80,10155,8138,7345,12177,12216,6159,2940,642
2022-05-24T13:43:29.025925,44,57,80,10155,8138,7345,12177,12216,6159,2940,642
2022-05-24T13:43:29.526875,49,53,77,78023,13181,6628,3862,3606,4674,576,268
2022-05-24T13:43:30.028241,22,53,77,78023,13181,6628,3862,3606,4674,576,268
2022-05-24T13:43:30.529235,55,44,75,72228,57005,42414,16169,8391,5866,3935,1231
2022-05-24T13:43:31.030517,93,44,75,72228,57005,42414,16169,8391,5866,3935,1231
2022-05-24T13:43:31.532003,7,43,74,32016,17305,1209,20708,8980,3177,3131,650
2022-05-24T13:43:32.033254,92,43,74,32016,17305,1209,20708,8980,3177,3131,650
2022-05-24T13:43:32.534551,16,27,66,70750,96598,28253,13537,13807,4134,3417,2244
2022-05-24T13:43:33.036378,37,27,66,70750,96598,28253,13537,13807,4134,3417,2244
2022-05-24T13:43:33.537741,53,21,66,14118,36721,7825,20723,10877,6229,1830,1015
2022-05-24T13:43:34.039010,26,21,66,14118,36721,7825,20723,10877,6229,1830,1015
2022-05-24T13:43:34.540284,130,21,69,4498,26628,11583,30899,4851,3024,1014,901
2022-05-24T13:43:35.041522,54,21,69,4498,26628,11583,30899,4851,3024,1014,901
2022-05-24T13:43:35.542831,100,21,69,11008,51595,8276,39279,5422,8255,2281,1528
2022-05-24T13:43:36.044062,269,21,69,11008,51595,8276,39279,5422,8255,2281,1528
2022-05-24T13:43:36.545401,-4,27,77,65245,17420,14144,1329,1421,3018,1757,1994
2022-05-24T13:43:37.046737,-59,27,77,65245,17420,14144,1329,1421,3018,1757,1994
2022-05-24T13:43:37.547960,-155,21,78,103752,40245,16929,4938,1913,2514,920,480
2022-05-24T13:43:38.049182,89,21,78,103752,40245,16929,4938,1913,2514,920,480
2022-05-24T13:43:38.550403,50,20,64,38914,33036,2224,8623,1727,1385,384,529
2022-05-24T13:43:39.051761,-2,20,64,38914,33036,2224,8623,1727,1385,384,529
2022-05-24T13:43:39.552720,131,14,61,275669,53439,15067,14453,4184,4143,4458,1298
2022-05-24T13:43:40.054510,77,14,61,275669,53439,15067,14453,4184,4143,4458,1298
2022-05-24T13:43:40.555469,101,17,48,107498,40871,8414,5088,22101,5971,3781,3442
2022-05-24T13:43:41.056662,75,17,48,107498,40871,8414,5088,22101,5971,3781,3442
2022-05-24T13:43:41.557915,55,11,35,207630,27594,1714,2076,1568,632,349,232
2022-05-24T13:43:42.059105,60,11,35,207630,27594,1714,2076,1568,632,349,232
2022-05-24T13:43:42.560411,-18,20,47,8030,28221,29568,10574,6125,6193,2390,1772
2022-05-24T13:43:43.062319,-11,20,47,8030,28221,29568,10574,6125,6193,2390,1772
2022-05-24T13:43:43.563337,-9,20,43,1656239,374401,53153,82000,51082,26701,6339,7100
2022-05-24T13:43:44.064713,48,20,43,1656239,374401,53153,82000,51082,26701,6339,7100
2022-05-24T13:43:44.566115,129,29,43,47567,69214,18526,4875,14659,37303,14226,10395
2022-05-24T13:43:45.067132,136,29,43,47567,69214,18526,4875,14659,37303,14226,10395
2022-05-24T13:43:45.568447,-93,40,48,622522,346147,46632,50274,39639,25923,23478,3318
2022-05-24T13:43:46.069687,-166,40,48,622522,346147,46632,50274,39639,25923,23478,3318
2022-05-24T13:43:46.570717,81,35,37,1133889,316854,71032,22678,11013,21309,45145,2728
2022-05-24T13:43:47.071973,113,35,37,1133889,316854,71032,22678,11013,21309,45145,2728
2022-05-24T13:43:47.572932,123,40,24,2022077,414979,25980,21475,29750,42414,93137,36166
2022-05-24T13:43:48.074132,59,40,24,2022077,414979,25980,21475,29750,42414,93137,36166
2022-05-24T13:43:48.574953,-43,29,11,42282,28011,1196,527,437,3370,2474,1097
2022-05-24T13:43:49.076214,64,29,11,42282,28011,1196,527,437,3370,2474,1097
2022-05-24T13:43:49.577153,-24,44,14,1049923,44092,7851,21251,13652,32576,16830,8940
2022-05-24T13:43:50.078471,58,44,14,1049923,44092,7851,21251,13652,32576,16830,8940
2022-05-24T13:43:50.580141,121,56,8,99081,18030,1518,2543,6561,4295,4337,862
2022-05-24T13:43:51.081099,133,56,8,99081,18030,1518,2543,6561,4295,4337,862
2022-05-24T13:43:51.582328,116,53,11,316894,42314,2589,3781,6774,2991,14388,3287
2022-05-24T13:43:52.083307,70,53,11,316894,42314,2589,3781,6774,2991,14388,3287
2022-05-24T13:43:52.584502,84,51,30,130550,167390,39732,47014,13623,24322,12654,9858
2022-05-24T13:43:53.085444,28,51,30,130550,167390,39732,47014,13623,24322,12654,9858
2022-05-24T13:43:53.586631,145,50,26,2485,25670,6643,3589,11266,12883,22854,4071
2022-05-24T13:43:54.087643,93,50,26,2485,25670,6643,3589,11266,12883,22854,4071
2022-05-24T13:43:54.589021,153,50,41,8603,21809,9972,14975,12154,9319,13005,5709
2022-05-24T13:43:55.090362,52,50,41,8603,21809,9972,14975,12154,9319,13005,5709
2022-05-24T13:43:55.591617,82,64,53,2584,22600,14339,6227,11253,18853,10661,7127
2022-05-24T13:43:56.092909,-4,64,53,2584,22600,14339,6227,11253,18853,10661,7127
2022-05-24T13:43:56.595292,16,78,56,8834,7019,19987,5285,14200,15547,11105,2609
2022-05-24T13:43:57.096223,17,78,56,8834,7019,19987,5285,14200,15547,11105,2609
2022-05-24T13:43:57.597474,23,81,64,5100,10274,10565,2790,5578,13073,12699,2710
2022-05-24T13:43:58.098705,-23,81,64,5100,10274,10565,2790,5578,13073,12699,2710
2022-05-24T13:43:58.599897,40,91,53,4088,18461,5655,3730,8472,22110,9258,4296
2022-05-24T13:43:59.101627,104,91,53,4088,18461,5655,3730,8472,22110,9258,4296
2022-05-24T13:43:59.602813,80,83,53,22251,27829,9203,7421,11941,6369,7938,5504
2022-05-24T13:44:00.104095,22,83,53,22251,27829,9203,7421,11941,6369,7938,5504
2022-05-24T13:44:00.605834,57,70,54,15391,39180,13255,23608,2306,8932,3521,5053
2022-05-24T13:44:01.107165,164,70,54,15391,39180,13255,23608,2306,8932,3521,5053
2022-05-24T13:44:01.608436,51,64,53,68349,26025,978,20899,17496,9862,5548,2672
2022-05-24T13:44:02.109421,16,64,53,68349,26025,978,20899,17496,9862,5548,2672
2022-05-24T13:44:02.610605,91,47,66,68053,45108,35344,14393,5878,7315,3392,2822
2022-05-24T13:44:03.111869,8,47,66,68053,45108,35344,14393,5878,7315,3392,2822
2022-05-24T13:44:03.613569,25,44,83,12847,14162,48389,10005,8901,7176,3246,601
2022-05-24T13:44:04.114571,172,44,83,12847,14162,48389,10005,8901,7176,3246,601
2022-05-24T13:44:04.616687,13,47,75,1622301,385606,95476,98109,65209,75465,19513,13968
2022-05-24T13:44:05.117633,35,47,75,1622301,385606,95476,98109,65209,75465,19513,13968
2022-05-24T13:44:05.619064,-67,40,60,227449,103792,5958,6684,19536,10696,21997,6234
2022-05-24T13:44:06.120336,-4,40,60,227449,103792,5958,6684,19536,10696,21997,6234
2022-05-24T13:44:06.621284,164,41,60,632512,135043,57812,84977,14756,29698,14976,8582
2022-05-24T13:44:07.122465,50,41,60,632512,135043,57812,84977,14756,29698,14976,8582
2022-05-24T13:44:07.623405,102,29,40,270667,48294,11382,3531,4899,1489,1402,418
2022-05-24T13:44:08.124623,40,29,40,270667,48294,11382,3531,4899,1489,1402,418
2022-05-24T13:44:08.625967,56,20,37,215631,37655,2311,7211,1801,1885,440,958
2022-05-24T13:44:09.126983,-4,20,37,215631,37655,2311,7211,1801,1885,440,958
2022-05-24T13:44:09.628206,23,26,53,22828,19967,4221,10803,3571,7068,3898,1628
2022-05-24T13:44:10.129581,5,26,53,22828,19967,4221,10803,3571,7068,3898,1628
2022-05-24T13:44:10.630936,28,23,47,31807,25953,7641,10971,18539,3351,2545,1786
2022-05-24T13:44:11.131893,66,23,47,31807,25953,7641,10971,18539,3351,2545,1786
2022-05-24T13:44:11.633287,132,35,53,67612,14482,9472,552,993,2082,622,396
2022-05-24T13:44:12.134740,53,35,53,67612,14482,9472,552,993,2082,622,396
2022-05-24T13:44:12.635833,112,41,60,340719,87886,49253,6108,18099,13517,8596,2545
2022-05-24T13:44:13.137191,112,41,60,340719,87886,49253,6108,18099,13517,8596,2545
2022-05-24T13:44:13.638488,28,34,66,299924,29688,18505,21138,10696,5278,3145,2796
2022-05-24T13:44:14.139477,-453,34,66,299924,29688,18505,21138,10696,5278,3145,2796
2022-05-24T13:44:14.640734,-73,40,60,917992,387132,46302,80553,135313,103916,122761,98363
2022-05-24T13:44:15.142068,24,40,60,917992,387132,46302,80553,135313,103916,122761,98363
2022-05-24T13:44:15.643392,-378,38,54,1324400,438268,100472,64513,33690,46024,41716,33753
2022-05-24T13:44:16.144689,101,38,54,1324400,438268,100472,64513,33690,46024,41716,33753
2022-05-24T13:44:16.646080,152,30,53,86626,72956,10581,18339,4717,3476,2791,1383
2022-05-24T13:44:17.147394,120,30,53,86626,72956,10581,18339,4717,3476,2791,1383
2022-05-24T13:44:17.648904,112,40,53,10247,7168,4072,8198,1268,5086,532,1081
2022-05-24T13:44:18.150138,117,40,53,10247,7168,4072,8198,1268,5086,532,1081
2022-05-24T13:44:18.651425,76,30,66,9051,32874,5494,29884,7166,4534,2994,1310
2022-05-24T13:44:19.152746,16,30,66,9051,32874,5494,29884,7166,4534,2994,1310
2022-05-24T13:44:19.654115,64,38,74,25332,16041,15540,3878,8011,6362,1869,1708
2022-05-24T13:44:20.155393,80,38,74,25332,16041,15540,3878,8011,6362,1869,1708
2022-05-24T13:44:20.656710,32,51,80,11896,15093,14993,2041,4418,5818,3512,3280
2022-05-24T13:44:21.158037,65,51,80,11896,15093,14993,2041,4418,5818,3512,3280
2022-05-24T13:44:21.659341,5,43,78,42937,42650,40105,12355,13331,8814,6537,3243
2022-05-24T13:44:22.160369,21,43,78,42937,42650,40105,12355,13331,8814,6537,3243
2022-05-24T13:44:22.661664,35,48,74,22326,29799,13931,9226,8930,6060,2116,1539
2022-05-24T13:44:23.163217,19,48,74,22326,29799,13931,9226,8930,6060,2116,1539
2022-05-24T13:44:23.664175,83,43,77,14198,32616,35344,6218,8145,7330,1785,919
2022-05-24T13:44:24.165530,82,43,77,14198,32616,35344,6218,8145,7330,1785,919
2022-05-24T13:44:24.666819,188,35,64,495067,430437,95501,7923,19961,32529,26988,6288
2022-05-24T13:44:25.167786,86,35,64,495067,430437,95501,7923,19961,32529,26988,6288
2022-05-24T13:44:25.669169,69,35,53,1971071,337473,46824,37425,16613,44178,53814,23458
2022-05-24T13:44:26.170204,10,35,53,1971071,337473,46824,37425,16613,44178,53814,23458
2022-05-24T13:44:26.671427,60,29,40,751711,204770,16371,21991,29160,12348,12954,3200
2022-05-24T13:44:27.172409,99,29,40,751711,204770,16371,21991,29160,12348,12954,3200
2022-05-24T13:44:27.673673,-12,34,27,45578,89734,27071,7119,17285,17024,5020,1138
2022-05-24T13:44:28.174638,50,34,27,45578,89734,27071,7119,17285,17024,5020,1138
2022-05-24T13:44:28.675977,54,43,40,47324,19741,11134,16287,10671,9395,3702,4387
2022-05-24T13:44:29.177344,-141,43,40,47324,19741,11134,16287,10671,9395,3702,4387
2022-05-24T13:44:29.678288,66,38,53,55233,16546,12350,6617,6656,1843,656,432
2022-05-24T13:44:30.179488,54,38,53,55233,16546,12350,6617,6656,1843,656,432
2022-05-24T13:44:30.680519,90,41,69,48103,20070,15230,10587,5477,3804,3144,577
2022-05-24T13:44:31.181818,117,41,69,48103,20070,15230,10587,5477,3804,3144,577
2022-05-24T13:44:31.683161,103,38,74,35086,52027,12198,17910,10788,9030,3832,1718
2022-05-24T13:44:32.184454,80,38,74,35086,52027,12198,17910,10788,9030,3832,1718
2022-05-24T13:44:32.685773,155,38,74,7091,27366,13374,17815,11693,11794,3592,1871
2022-05-24T13:44:33.186714,276,38,74,7091,27366,13374,17815,11693,11794,3592,1871
2022-05-24T13:44:33.687918,86,51,61,526735,38398,3421,14181,8991,17957,4804,1691
2022-05-24T13:44:34.189287,55,51,61,526735,38398,3421,14181,8991,17957,4804,1691
2022-05-24T13:44:34.690615,38,51,54,103583,109792,15973,38927,7208,11977,4221,2020
2022-05-24T13:44:35.192031,51,51,54,103583,109792,15973,38927,7208,11977,4221,2020
2022-05-24T13:44:35.693320,66,53,60,10723,30920,17425,14924,11617,8697,4065,2656
2022-05-24T13:44:36.194379,97,53,60,10723,30920,17425,14924,11617,8697,4065,2656
2022-05-24T13:44:36.695650,58,56,56,37497,30181,17740,8220,4278,15596,3665,1838
2022-05-24T13:44:37.196983,69,56,56,37497,30181,17740,8220,4278,15596,3665,1838
2022-05-24T13:44:37.697945,290,48,75,105299,5412,5517,8907,803,2276,1396,518
2022-05-24T13:44:38.199229,136,48,75,105299,5412,5517,8907,803,2276,1396,518
2022-05-24T13:44:38.700586,170,54,60,1010444,127215,8140,9833,46754,22405,47026,10722
2022-05-24T13:44:39.201965,25,54,60,1010444,127215,8140,9833,46754,22405,47026,10722
2022-05-24T13:44:39.703374,54,54,47,237299,49840,4082,9104,24241,9950,2630,2224
2022-05-24T13:44:40.204687,60,54,47,237299,49840,4082,9104,24241,9950,2630,2224
2022-05-24T13:44:40.706003,66,50,53,4216,13413,10381,11390,1763,6392,2781,3750
2022-05-24T13:44:41.207241,9,50,53,4216,13413,10381,11390,1763,6392,2781,3750
2022-05-24T13:44:41.708525,18,47,53,2668,32285,46126,39277,11010,8233,7882,4023
2022-05-24T13:44:42.209770,52,47,53,2668,32285,46126,39277,11010,8233,7882,4023
2022-05-24T13:44:42.710992,69,37,70,460488,68164,32666,17608,5355,4930,2864,2155
2022-05-24T13:44:43.212373,86,37,70,460488,68164,32666,17608,5355,4930,2864,2155
2022-05-24T13:44:43.713662,90,16,63,629243,274553,9875,10094,26159,3657,4085,1146
2022-05-24T13:44:44.214998,34,16,63,629243,274553,9875,10094,26159,3657,4085,1146
2022-05-24T13:44:44.716247,61,8,50,35727,61406,13680,4163,5176,4386,2215,1153
2022-05-24T13:44:45.217502,43,8,50,35727,61406,13680,4163,5176,4386,2215,1153
2022-05-24T13:44:45.718711,57,8,37,23044,26118,6861,8226,7626,3356,2074,3476
2022-05-24T13:44:46.219929,45,8,37,23044,26118,6861,8226,7626,3356,2074,3476
2022-05-24T13:44:46.721566,-21,21,38,1446,9804,13775,6701,9657,5622,3299,1335
2022-05-24T13:44:47.222499,-19,21,38,1446,9804,13775,6701,9657,5622,3299,1335
2022-05-24T13:44:47.723745,22,35,51,37231,51060,13644,3959,11813,5547,2211,2777
2022-05-24T13:44:48.224980,68,35,51,37231,51060,13644,3959,11813,5547,2211,2777
2022-05-24T13:44:48.726264,96,38,61,10404,30387,15038,14066,12521,5602,2579,2634
2022-05-24T13:44:49.227235,49,38,61,10404,30387,15038,14066,12521,5602,2579,2634
2022-05-24T13:44:49.728530,81,44,63,49035,50930,20472,11058,5941,14766,1722,1174
2022-05-24T13:44:50.229846,74,44,63,49035,50930,20472,11058,5941,14766,1722,1174
2022-05-24T13:44:50.731134,83,44,60,33358,11477,7693,8144,10648,4686,1736,976
2022-05-24T13:44:51.232118,-148,44,60,33358,11477,7693,8144,10648,4686,1736,976
2022-05-24T13:44:51.733353,18,41,60,147608,361429,81436,27005,19345,22458,11346,3687
2022-05-24T13:44:52.234741,89,41,60,147608,361429,81436,27005,19345,22458,11346,3687
2022-05-24T13:44:52.735825,28,41,47,296330,88608,7378,7335,4297,9470,3597,4056
2022-05-24T13:44:53.237070,18,41,47,296330,88608,7378,7335,4297,9470,3597,4056
2022-05-24T13:44:53.737992,60,38,50,14956,9179,10415,1543,5298,2420,591,1022
2022-05-24T13:44:54.239167,70,38,50,14956,9179,10415,1543,5298,2420,591,1022
2022-05-24T13:44:54.740116,91,35,50,31144,19694,17712,7684,13644,6048,1807,802
2022-05-24T13:44:55.241361,70,35,50,31144,19694,17712,7684,13644,6048,1807,802
2022-05-24T13:44:55.742816,36,41,69,5139,9479,17839,19423,6367,4159,2589,1128
2022-05-24T13:44:56.244133,72,41,69,5139,9479,17839,19423,6367,4159,2589,1128
2022-05-24T13:44:56.745098,-200,40,87,48314,22378,15443,16691,7885,4453,2904,410
2022-05-24T13:44:57.246447,244,40,87,48314,22378,15443,16691,7885,4453,2904,410
2022-05-24T13:44:57.747394,75,43,69,869051,45506,5428,1791,9960,9885,3334,4231
2022-05-24T13:44:58.248606,64,43,69,869051,45506,5428,1791,9960,9885,3334,4231
2022-05-24T13:44:58.749642,39,48,64,27624,13459,5706,3463,4324,4734,1194,784
2022-05-24T13:44:59.251421,102,48,64,27624,13459,5706,3463,4324,4734,1194,784
2022-05-24T13:44:59.752379,18,51,56,22709,21787,27957,4329,3683,7976,3485,1749
2022-05-24T13:45:00.253678,49,51,56,22709,21787,27957,4329,3683,7976,3485,1749
2022-05-24T13:45:00.754915,83,48,51,43587,16659,4644,6116,3643,1548,1598,700
2022-05-24T13:45:01.256181,72,48,51,43587,16659,4644,6116,3643,1548,1598,700
2022-05-24T13:45:01.757483,84,47,77,13602,12530,20897,19427,5096,7372,4148,1669
2022-05-24T13:45:02.258778,41,47,77,13602,12530,20897,19427,5096,7372,4148,1669
2022-05-24T13:45:02.760012,128,34,67,208575,51724,4643,6330,9232,3011,1567,1014
2022-05-24T13:45:03.261222,57,34,67,208575,51724,4643,6330,9232,3011,1567,1014
2022-05-24T13:45:03.762418,59,29,67,47032,25009,31877,4626,11122,5702,2659,1024
2022-05-24T13:45:04.264525,41,29,67,47032,25009,31877,4626,11122,5702,2659,1024
2022-05-24T13:45:04.765767,40,34,67,4238,26280,15151,4407,3619,4536,2895,2200
2022-05-24T13:45:05.267173,42,34,67,4238,26280,15151,4407,3619,4536,2895,2200
2022-05-24T13:45:05.768480,75,30,67,8586,10256,20463,11202,8080,4466,2237,1520
2022-05-24T13:45:06.269703,86,30,67,8586,10256,20463,11202,8080,4466,2237,1520
2022-05-24T13:45:06.771001,90,43,81,18831,23823,17750,8467,2958,11013,3125,2676
2022-05-24T13:45:07.272384,58,43,81,18831,23823,17750,8467,2958,11013,3125,2676
2022-05-24T13:45:07.773669,70,41,69,378390,48511,4346,10541,3608,3949,4707,3124
2022-05-24T13:45:08.274647,48,41,69,378390,48511,4346,10541,3608,3949,4707,3124
2022-05-24T13:45:08.776259,-3,48,67,2324,17218,5898,10116,12393,7519,2242,4532
2022-05-24T13:45:09.277607,71,48,67,2324,17218,5898,10116,12393,7519,2242,4532
2022-05-24T13:45:09.778592,48,48,51,152932,91279,19125,7896,7912,13838,8509,3390
2022-05-24T13:45:10.279825,36,48,51,152932,91279,19125,7896,7912,13838,8509,3390
2022-05-24T13:45:10.781046,36,47,53,12928,5093,7098,8174,11034,3118,2632,3214
2022-05-24T13:45:11.282067,19,47,53,12928,5093,7098,8174,11034,3118,2632,3214
2022-05-24T13:45:11.783362,-21,44,61,6816,28788,5926,21482,7306,3243,4961,1918
2022-05-24T13:45:12.284356,73,44,61,6816,28788,5926,21482,7306,3243,4961,1918
2022-05-24T13:45:12.785573,82,34,74,29753,34115,52635,20044,14150,5401,3270,2050
2022-05-24T13:45:13.286535,384,34,74,29753,34115,52635,20044,14150,5401,3270,2050
2022-05-24T13:45:13.788002,-2,29,84,86922,21860,12791,15625,5888,3538,5487,3170
2022-05-24T13:45:14.289222,137,29,84,86922,21860,12791,15625,5888,3538,5487,3170
2022-05-24T13:45:14.790210,69,17,83,237965,71257,41694,12125,11228,5351,12140,4021
2022-05-24T13:45:15.291566,80,17,83,237965,71257,41694,12125,11228,5351,12140,4021
2022-05-24T13:45:15.792765,32,24,83,1054439,50239,14937,45479,12575,13034,5499,4923
2022-05-24T13:45:16.293708,202,24,83,1054439,50239,14937,45479,12575,13034,5499,4923
2022-05-24T13:45:16.794885,4,38,77,22713,20715,5176,19598,11596,9415,9911,4243
2022-05-24T13:45:17.295915,72,40,77,13013,70342,54369,21993,4698,12835,3798,2143
2022-05-24T13:45:17.797191,41,40,77,13013,70342,54369,21993,4698,12835,3798,2143
2022-05-24T13:45:18.298401,80,44,84,5731,6302,16938,6204,6422,2395,1639,1825
2022-05-24T13:45:18.799406,121,44,84,5731,6302,16938,6204,6422,2395,1639,1825
2022-05-24T13:45:19.300678,33,40,96,3151,18763,82222,17908,15742,7962,3207,529
2022-05-24T13:45:19.801923,36,40,96,3151,18763,82222,17908,15742,7962,3207,529
2022-05-24T13:45:20.303239,76,30,87,23822,66083,9357,8907,5942,6373,3409,1586
2022-05-24T13:45:20.804254,23,30,87,23822,66083,9357,8907,5942,6373,3409,1586
2022-05-24T13:45:21.305495,77,34,91,8493,6129,11250,14198,8116,3534,3127,1486
2022-05-24T13:45:21.806714,24,34,91,8493,6129,11250,14198,8116,3534,3127,1486
2022-05-24T13:45:22.308060,57,35,81,97401,28028,15909,9671,14329,5377,1898,1395
2022-05-24T13:45:22.809390,-3,35,81,97401,28028,15909,9671,14329,5377,1898,1395
2022-05-24T13:45:23.310727,57,24,61,1676608,355694,86221,22852,19004,9987,9782,8000
2022-05-24T13:45:23.811967,-49,24,61,1676608,355694,86221,22852,19004,9987,9782,8000
2022-05-24T13:45:24.313252,92,24,61,1676608,355694,86221,22852,19004,9987,9782,8000
2022-05-24T13:45:24.814483,100,27,67,843222,49458,17596,16582,7802,8917,3472,952
2022-05-24T13:45:25.316312,57,27,67,843222,49458,17596,16582,7802,8917,3472,952
2022-05-24T13:45:25.817521,96,21,60,52331,37389,7521,17184,3312,3312,3652,926
2022-05-24T13:45:26.318886,64,24,75,2683,6102,21797,8235,2778,4305,2337,4507
2022-05-24T13:45:26.820158,41,24,75,2683,6102,21797,8235,2778,4305,2337,4507
2022-05-24T13:45:27.321369,25,44,75,5423,13523,4141,2938,3711,4833,2706,3354
2022-05-24T13:45:27.823167,25,44,75,5423,13523,4141,2938,3711,4833,2706,3354
2022-05-24T13:45:28.324521,41,43,84,22462,9420,8870,12141,3732,2804,1444,1466
2022-05-24T13:45:28.825948,20,43,84,22462,9420,8870,12141,3732,2804,1444,1466
2022-05-24T13:45:29.327190,70,53,77,8461,25771,5556,3997,4537,6331,2498,674
2022-05-24T13:45:29.828627,103,53,77,8461,25771,5556,3997,4537,6331,2498,674
2022-05-24T13:45:30.330297,52,57,67,2818,5814,10570,4501,5335,4934,2205,1876
2022-05-24T13:45:30.831676,80,57,67,2818,5814,10570,4501,5335,4934,2205,1876
2022-05-24T13:45:31.332637,70,54,78,22068,9005,12159,2142,1993,3563,2921,2061
2022-05-24T13:45:31.834041,-89,54,78,22068,9005,12159,2142,1993,3563,2921,2061
2022-05-24T13:45:32.335257,5,53,67,403174,102255,42424,11041,12292,11261,9785,3153
2022-05-24T13:45:32.836574,48,53,67,403174,102255,42424,11041,12292,11261,9785,3153
2022-05-24T13:45:33.337788,6,57,80,16370,7914,5032,10604,2048,7307,3896,1985
2022-05-24T13:45:33.838965,-4,57,80,16370,7914,5032,10604,2048,7307,3896,1985
2022-05-24T13:45:34.340222,56,50,81,1456,18245,9221,21506,4628,3846,6054,1447
2022-05-24T13:45:34.841389,44,50,81,1456,18245,9221,21506,4628,3846,6054,1447
2022-05-24T13:45:35.342370,36,48,88,38946,7331,7138,22222,4262,4159,5237,834
2022-05-24T13:45:35.843616,101,48,88,38946,7331,7138,22222,4262,4159,5237,834
2022-05-24T13:45:36.344880,113,50,91,5393,16587,7432,12567,10134,2845,2648,1328
2022-05-24T13:45:36.845863,75,50,91,5393,16587,7432,12567,10134,2845,2648,1328
2022-05-24T13:45:37.348042,8,47,100,4253,2975,11010,15643,3187,6193,2145,821
2022-05-24T13:45:37.849274,32,47,100,4253,2975,11010,15643,3187,6193,2145,821
2022-05-24T13:45:38.350536,41,47,100,1729,15370,33616,6303,8622,4555,1872,1370
2022-05-24T13:45:38.851474,23,47,100,1729,15370,33616,6303,8622,4555,1872,1370
2022-05-24T13:45:39.352663,17,48,88,13067,6780,1208,8541,10744,3251,4010,1863
2022-05-24T13:45:39.853666,19,48,88,13067,6780,1208,8541,10744,3251,4010,1863
2022-05-24T13:45:40.354891,147,50,93,6560,16816,13021,20624,11668,5469,1894,1051
2022-05-24T13:45:40.856183,41,50,93,6560,16816,13021,20624,11668,5469,1894,1051
2022-05-24T13:45:41.357138,54,44,84,1636860,204274,130198,118200,37596,48974,24819,28332
2022-05-24T13:45:41.858771,66,44,84,1636860,204274,130198,118200,37596,48974,24819,28332
2022-05-24T13:45:42.359729,68,48,75,9678,16504,2576,8926,3987,3219,4382,2961
2022-05-24T13:45:42.861409,65,48,75,9678,16504,2576,8926,3987,3219,4382,2961
2022-05-24T13:45:43.362603,75,43,74,24696,20783,2888,8425,5118,3071,4172,3621
2022-05-24T13:45:43.863560,2,43,74,24696,20783,2888,8425,5118,3071,4172,3621
2022-05-24T13:45:44.365239,66,48,74,5171,3737,9753,6962,9507,3850,1899,1876
2022-05-24T13:45:44.866562,48,48,74,5171,3737,9753,6962,9507,3850,1899,1876
2022-05-24T13:45:45.367894,-8,48,74,3461,16496,20868,10450,10895,5026,1955,1586
2022-05-24T13:45:45.869220,57,48,74,3461,16496,20868,10450,10895,5026,1955,1586
2022-05-24T13:45:46.370515,24,44,70,11697,21238,3427,14514,8502,3464,1344,1616
2022-05-24T13:45:46.871736,91,44,70,11697,21238,3427,14514,8502,3464,1344,1616
2022-05-24T13:45:47.372959,-34,38,66,122692,167840,30106,20128,22445,9131,4594,3261
2022-05-24T13:45:47.874167,144,38,66,122692,167840,30106,20128,22445,9131,4594,3261
2022-05-24T13:45:48.375384,55,23,64,488015,126950,58350,65209,21098,8031,10583,2260
2022-05-24T13:45:48.877031,67,23,64,488015,126950,58350,65209,21098,8031,10583,2260
2022-05-24T13:45:49.378033,55,27,64,4323,2935,3984,8213,5694,3025,1726,1098
2022-05-24T13:45:49.879252,89,27,64,4323,2935,3984,8213,5694,3025,1726,1098
2022-05-24T13:45:50.381513,23,26,67,805,13703,2168,19737,10475,2492,2734,2807
2022-05-24T13:45:50.883187,40,26,67,805,13703,2168,19737,10475,2492,2734,2807
2022-05-24T13:45:51.384443,33,35,80,2675,18056,12372,8744,4485,4503,3176,1717
2022-05-24T13:45:51.885657,44,35,80,2675,18056,12372,8744,4485,4503,3176,1717
2022-05-24T13:45:52.387408,73,40,67,9195,29090,5893,5832,9558,2580,2911,1690
2022-05-24T13:45:52.888605,104,40,67,9195,29090,5893,5832,9558,2580,2911,1690
2022-05-24T13:45:53.389594,90,43,70,6091,8704,19867,11739,7547,9900,2188,1993
2022-05-24T13:45:53.890801,80,43,70,6091,8704,19867,11739,7547,9900,2188,1993
2022-05-24T13:45:54.391742,51,53,64,5297,19389,4131,10005,6496,7708,2752,832
2022-05-24T13:45:54.892939,26,53,64,5297,19389,4131,10005,6496,7708,2752,832
2022-05-24T13:45:55.394204,73,54,67,2896,9011,4409,14545,3751,3871,2273,1242
2022-05-24T13:45:55.895480,69,54,67,2896,9011,4409,14545,3751,3871,2273,1242
2022-05-24T13:45:56.396428,49,61,80,15271,6625,10385,2702,3137,2642,1814,1706
2022-05-24T13:45:56.897673,51,61,80,15271,6625,10385,2702,3137,2642,1814,1706
2022-05-24T13:45:57.399030,38,54,66,15991,22639,3654,5812,5011,3691,3114,2738
2022-05-24T13:45:57.900345,85,54,66,15991,22639,3654,5812,5011,3691,3114,2738
2022-05-24T13:45:58.402136,80,60,74,7748,4846,10268,12336,11145,10723,2566,1311
2022-05-24T13:45:58.903075,84,60,74,7748,4846,10268,12336,11145,10723,2566,1311
2022-05-24T13:45:59.404857,53,53,66,6159,13871,14319,4941,14845,2620,4843,5468
2022-05-24T13:45:59.906570,44,53,66,6159,13871,14319,4941,14845,2620,4843,5468
2022-05-24T13:46:00.408693,56,53,60,9027,17892,10944,3001,5635,4466,3066,2663
2022-05-24T13:46:00.910447,69,53,60,9027,17892,10944,3001,5635,4466,3066,2663
2022-05-24T13:46:01.412001,39,54,67,9603,11386,3837,11079,8653,3705,1888,871
2022-05-24T13:46:01.913320,28,54,67,9603,11386,3837,11079,8653,3705,1888,871
2022-05-24T13:46:02.414533,17,56,66,6161,5846,2704,13590,8006,9703,3045,1186
2022-05-24T13:46:02.916398,55,56,66,6161,5846,2704,13590,8006,9703,3045,1186
2022-05-24T13:46:03.417619,82,57,69,7543,18508,9170,10840,3239,3751,2826,2771
2022-05-24T13:46:03.918939,102,57,69,7543,18508,9170,10840,3239,3751,2826,2771
2022-05-24T13:46:04.420223,76,57,80,2629,3630,6525,11475,5934,2841,3304,1200
2022-05-24T13:46:04.921530,65,57,80,2629,3630,6525,11475,5934,2841,3304,1200
2022-05-24T13:46:05.424432,36,66,69,29559,20681,5903,3962,7052,11334,5124,2838
2022-05-24T13:46:05.925259,-4,66,69,29559,20681,5903,3962,7052,11334,5124,2838
2022-05-24T13:46:06.426978,41,57,63,18155,14832,5873,2123,3948,4022,4013,1899
2022-05-24T13:46:06.928287,33,57,63,18155,14832,5873,2123,3948,4022,4013,1899
2022-05-24T13:46:07.429562,55,67,63,4307,8778,9697,3104,1243,5992,1439,735
2022-05-24T13:46:07.930822,82,67,63,4307,8778,9697,3104,1243,5992,1439,735
2022-05-24T13:46:08.432115,101,60,51,646726,436251,133765,93875,31154,31768,31208,19868
2022-05-24T13:46:08.934195,85,60,51,646726,436251,133765,93875,31154,31768,31208,19868
2022-05-24T13:46:09.435421,55,43,67,87976,7040,7217,6738,945,1239,668,604
2022-05-24T13:46:09.936663,50,43,67,87976,7040,7217,6738,945,1239,668,604
2022-05-24T13:46:10.438484,20,44,74,593658,13950,5296,7991,6437,6061,5829,3245
2022-05-24T13:46:10.939727,80,44,74,593658,13950,5296,7991,6437,6061,5829,3245
2022-05-24T13:46:11.440749,19,37,74,18997,22810,5600,29579,14815,5650,3489,5186
2022-05-24T13:46:11.942026,25,37,74,18997,22810,5600,29579,14815,5650,3489,5186
2022-05-24T13:46:12.443267,26,38,81,1655528,54721,20720,51340,4354,7844,1535,1744
2022-05-24T13:46:12.944629,61,38,81,1655528,54721,20720,51340,4354,7844,1535,1744
2022-05-24T13:46:13.445917,83,37,74,15314,50199,14263,25747,8616,4442,2410,1778
2022-05-24T13:46:13.947188,11,37,74,15314,50199,14263,25747,8616,4442,2410,1778
2022-05-24T13:46:14.448403,101,35,80,12685,17327,8660,33497,11273,9372,1588,1256
2022-05-24T13:46:14.949358,89,35,80,12685,17327,8660,33497,11273,9372,1588,1256
2022-05-24T13:46:15.450572,40,27,93,9720,13433,39132,24528,1483,3451,2535,1474
2022-05-24T13:46:15.951528,39,27,93,9720,13433,39132,24528,1483,3451,2535,1474
2022-05-24T13:46:16.452906,72,38,87,5622,23665,2300,16147,10509,8097,2213,780
2022-05-24T13:46:16.954033,39,38,87,5622,23665,2300,16147,10509,8097,2213,780
2022-05-24T13:46:17.455461,35,47,88,3100,14735,6675,9007,3964,3677,1467,3048
2022-05-24T13:46:17.956428,54,47,88,3100,14735,6675,9007,3964,3677,1467,3048
2022-05-24T13:46:18.457643,48,50,87,10355,8033,7039,11727,5670,7325,2554,1321
2022-05-24T13:46:18.958600,65,50,87,10355,8033,7039,11727,5670,7325,2554,1321
2022-05-24T13:46:19.459933,56,54,69,15557,33085,10361,14404,6987,4843,5502,4509
2022-05-24T13:46:19.960914,102,54,69,15557,33085,10361,14404,6987,4843,5502,4509
2022-05-24T13:46:20.462372,68,56,67,24428,16515,3907,14106,19138,8961,1930,1577
2022-05-24T13:46:20.963728,49,56,67,24428,16515,3907,14106,19138,8961,1930,1577
2022-05-24T13:46:21.464670,64,60,77,46936,9240,14302,22926,4431,9155,4124,2165
2022-05-24T13:46:21.966090,34,60,77,46936,9240,14302,22926,4431,9155,4124,2165
2022-05-24T13:46:22.467109,26,50,74,6644,14230,5577,11203,10614,2544,2742,2493
2022-05-24T13:46:22.968308,28,50,74,6644,14230,5577,11203,10614,2544,2742,2493
2022-05-24T13:46:23.469304,51,51,74,25698,33192,17142,7472,2734,6150,2188,1229
2022-05-24T13:46:23.970699,41,51,74,25698,33192,17142,7472,2734,6150,2188,1229
2022-05-24T13:46:24.472005,61,38,83,7702,26481,8231,31044,5985,3718,1123,722
2022-05-24T13:46:24.973423,51,38,83,7702,26481,8231,31044,5985,3718,1123,722
2022-05-24T13:46:25.474644,70,34,80,8512,20005,24118,8149,3400,4179,1567,2857
2022-05-24T13:46:25.975954,74,34,80,8512,20005,24118,8149,3400,4179,1567,2857
2022-05-24T13:46:26.477818,56,44,81,5065,6705,4128,8944,4364,5876,2303,1049
2022-05-24T13:46:26.979034,129,44,81,5065,6705,4128,8944,4364,5876,2303,1049
2022-05-24T13:46:27.480738,98,47,74,93678,13550,1583,3655,2973,2324,741,1295
2022-05-24T13:46:27.981987,70,47,74,93678,13550,1583,3655,2973,2324,741,1295
2022-05-24T13:46:28.483200,18,61,61,3799,19003,7134,5198,6084,10387,3787,1730
2022-05-24T13:46:28.984455,32,61,61,3799,19003,7134,5198,6084,10387,3787,1730
2022-05-24T13:46:29.485750,64,66,54,11503,8865,3543,6902,4576,3438,2307,1188
2022-05-24T13:46:29.987103,74,66,54,11503,8865,3543,6902,4576,3438,2307,1188
2022-05-24T13:46:30.488343,101,66,57,9667,3294,9136,6907,4579,6425,1505,3292
2022-05-24T13:46:30.989581,34,66,57,9667,3294,9136,6907,4579,6425,1505,3292
2022-05-24T13:46:31.490884,64,67,53,16064,28626,1882,3678,1804,5827,2939,690
2022-05-24T13:46:31.992108,26,67,53,16064,28626,1882,3678,1804,5827,2939,690
2022-05-24T13:46:32.493328,26,54,40,745319,84308,1190,8695,13771,5273,4434,948
2022-05-24T13:46:32.995088,27,54,40,745319,84308,1190,8695,13771,5273,4434,948
2022-05-24T13:46:33.496353,18,51,30,4507,48374,8882,7387,4861,7532,4704,742
2022-05-24T13:46:33.997651,42,51,30,4507,48374,8882,7387,4861,7532,4704,742
2022-05-24T13:46:34.498894,76,37,37,10463,29154,47692,14838,6711,4316,1656,1630
2022-05-24T13:46:35.000158,48,37,37,10463,29154,47692,14838,6711,4316,1656,1630
2022-05-24T13:46:35.501432,27,34,53,19385,14504,4488,12003,3196,4065,4501,2381
2022-05-24T13:46:36.002716,74,34,53,19385,14504,4488,12003,3196,4065,4501,2381
2022-05-24T13:46:36.503958,109,38,75,15884,23385,11689,18444,11141,5751,3095,1626
2022-05-24T13:46:37.005212,90,38,75,15884,23385,11689,18444,11141,5751,3095,1626
2022-05-24T13:46:37.506274,72,27,90,14464,31486,11426,33989,4343,2692,3453,2225
2022-05-24T13:46:38.007428,27,27,90,14464,31486,11426,33989,4343,2692,3453,2225
2022-05-24T13:46:38.508387,112,37,81,4230,22707,22517,4621,2452,5792,2759,771
2022-05-24T13:46:39.009646,35,37,81,4230,22707,22517,4621,2452,5792,2759,771
2022-05-24T13:46:39.510646,51,24,88,6395,25576,33456,22770,5138,2680,2978,3039
2022-05-24T13:46:40.011873,40,24,88,6395,25576,33456,22770,5138,2680,2978,3039
2022-05-24T13:46:40.512909,38,30,91,18033,7421,7626,6978,2959,4915,2395,1495
2022-05-24T13:46:41.014263,49,30,91,18033,7421,7626,6978,2959,4915,2395,1495
2022-05-24T13:46:41.515506,20,35,87,5198,13012,7012,8299,6983,1509,2029,1466
2022-05-24T13:46:42.016444,66,35,87,5198,13012,7012,8299,6983,1509,2029,1466
2022-05-24T13:46:42.517694,49,37,83,4637,16940,6533,13438,8985,5963,2722,2877
2022-05-24T13:46:43.018902,53,37,83,4637,16940,6533,13438,8985,5963,2722,2877
2022-05-24T13:46:43.519867,347,50,74,6507,18684,5116,12671,4566,5986,2141,987
2022-05-24T13:46:44.021185,97,50,74,6507,18684,5116,12671,4566,5986,2141,987
2022-05-24T13:46:44.522381,52,38,60,39952,31770,1378,7704,1037,2399,469,471
2022-05-24T13:46:45.023343,85,38,60,39952,31770,1378,7704,1037,2399,469,471
2022-05-24T13:46:45.524719,28,43,57,30608,28273,23698,10550,16639,5932,2157,459
2022-05-24T13:46:46.025965,25,43,57,30608,28273,23698,10550,16639,5932,2157,459
2022-05-24T13:46:46.526907,25,34,51,522199,116798,25406,15308,7707,7261,8160,4575
2022-05-24T13:46:47.028201,6,34,51,522199,116798,25406,15308,7707,7261,8160,4575
2022-05-24T13:46:47.529516,50,24,63,15419,11798,6096,45113,7898,3430,2765,1854
2022-05-24T13:46:48.030728,60,24,63,15419,11798,6096,45113,7898,3430,2765,1854
2022-05-24T13:46:48.532011,6,30,84,3749,9140,11474,31186,5105,6542,2629,1451
2022-05-24T13:46:49.033287,54,30,84,3749,9140,11474,31186,5105,6542,2629,1451
2022-05-24T13:46:49.534580,40,34,75,9616,50356,3518,12840,5400,8599,2518,1695
2022-05-24T13:46:50.035915,90,34,75,9616,50356,3518,12840,5400,8599,2518,1695
2022-05-24T13:46:50.537223,60,37,100,11712,4389,22426,26526,2561,3513,1821,1921
2022-05-24T13:46:51.038435,77,37,100,11712,4389,22426,26526,2561,3513,1821,1921
2022-05-24T13:46:51.539650,-152,50,61,48659,45416,1092,1032,4859,13173,13944,990
2022-05-24T13:46:52.040918,4,50,61,48659,45416,1092,1032,4859,13173,13944,990
2022-05-24T13:46:52.542146,183,48,35,783745,154902,15770,5369,11515,20185,30978,17166
2022-05-24T13:46:53.043090,55,48,35,783745,154902,15770,5369,11515,20185,30978,17166
2022-05-24T13:46:53.544308,123,35,41,1425889,241855,55418,76556,17312,9011,4864,2913
2022-05-24T13:46:54.045196,100,35,41,1425889,241855,55418,76556,17312,9011,4864,2913
2022-05-24T13:46:54.546794,83,29,10,116603,63505,925,8144,2692,2391,963,704
2022-05-24T13:46:55.047734,75,29,10,116603,63505,925,8144,2692,2391,963,704
2022-05-24T13:46:55.549815,56,24,44,52154,10217,10642,35192,6699,7523,2674,6451
2022-05-24T13:46:56.050757,67,24,44,52154,10217,10642,35192,6699,7523,2674,6451
2022-05-24T13:46:56.551945,58,20,57,22523,35423,5217,20378,7462,3764,2298,478
2022-05-24T13:46:57.053084,42,20,57,22523,35423,5217,20378,7462,3764,2298,478
2022-05-24T13:46:57.554869,18,23,74,2209,13967,14428,46781,5942,3016,3104,1397
2022-05-24T13:46:58.056155,75,23,74,2209,13967,14428,46781,5942,3016,3104,1397
2022-05-24T13:46:58.557326,65,35,93,7356,11174,24678,32761,17772,11879,1519,1789
2022-05-24T13:46:59.058270,75,35,93,7356,11174,24678,32761,17772,11879,1519,1789
2022-05-24T13:46:59.559990,81,38,81,26716,13304,8656,1938,6547,4384,3464,1047
2022-05-24T13:47:00.060930,54,38,81,26716,13304,8656,1938,6547,4384,3464,1047
2022-05-24T13:47:00.562120,61,38,84,4147,22568,6782,18397,2981,2999,2172,1451
2022-05-24T13:47:01.063441,70,38,84,4147,22568,6782,18397,2981,2999,2172,1451
2022-05-24T13:47:01.564448,-264,47,69,5610,23091,4144,13782,5555,4482,3428,996
2022-05-24T13:47:02.065676,74,47,69,5610,23091,4144,13782,5555,4482,3428,996
2022-05-24T13:47:02.566981,59,34,64,160503,22774,10770,5593,1368,1246,509,447
2022-05-24T13:47:03.068421,41,34,64,160503,22774,10770,5593,1368,1246,509,447
2022-05-24T13:47:03.569380,40,20,66,51060,43705,20301,8909,5979,2593,1226,1889
2022-05-24T13:47:04.070607,32,20,66,51060,43705,20301,8909,5979,2593,1226,1889
2022-05-24T13:47:04.571807,48,23,69,3510,20327,16718,22026,3374,5612,1569,1252
2022-05-24T13:47:05.073025,36,23,69,3510,20327,16718,22026,3374,5612,1569,1252
2022-05-24T13:47:05.574298,34,27,70,19331,15424,7240,7533,7006,6022,1676,1600
2022-05-24T13:47:06.075620,35,27,70,19331,15424,7240,7533,7006,6022,1676,1600
2022-05-24T13:47:06.576903,77,44,69,3387,18865,2657,13848,3644,7670,7245,1708
2022-05-24T13:47:07.078222,56,44,69,3387,18865,2657,13848,3644,7670,7245,1708
2022-05-24T13:47:07.579443,65,57,80,3194,5658,9827,13755,1399,5145,4655,1132
2022-05-24T13:47:08.080836,116,57,80,3194,5658,9827,13755,1399,5145,4655,1132
2022-05-24T13:47:08.582357,-36,56,78,78773,19196,19801,11484,3145,4279,4380,1917
2022-05-24T13:47:09.083666,108,56,78,78773,19196,19801,11484,3145,4279,4380,1917
2022-05-24T13:47:09.585042,7,50,78,522130,51952,32713,2118,8065,6446,2364,1149
2022-05-24T13:47:10.086602,10,50,78,522130,51952,32713,2118,8065,6446,2364,1149
2022-05-24T13:47:10.587831,40,47,78,9233,13036,3087,10186,6514,3935,4461,3200
2022-05-24T13:47:11.089158,4,47,78,9233,13036,3087,10186,6514,3935,4461,3200
2022-05-24T13:47:11.590254,91,43,77,6949,9672,14053,17090,6037,4611,3633,1417
2022-05-24T13:47:12.091561,91,43,77,6949,9672,14053,17090,6037,4611,3633,1417
2022-05-24T13:47:12.592610,104,43,78,1886,5631,5007,18238,7673,2905,2507,1959
2022-05-24T13:47:13.093832,45,43,78,1886,5631,5007,18238,7673,2905,2507,1959
2022-05-24T13:47:13.595182,48,44,83,27216,21267,9169,22285,10382,4387,3354,2271
2022-05-24T13:47:14.096129,57,44,83,27216,21267,9169,22285,10382,4387,3354,2271
2022-05-24T13:47:14.597327,38,37,93,9375,19736,27325,35898,7394,5404,2344,1335
2022-05-24T13:47:15.098273,36,37,93,9375,19736,27325,35898,7394,5404,2344,1335
2022-05-24T13:47:15.599584,45,44,83,4785,6460,7966,786,5680,3960,1822,3057
2022-05-24T13:47:16.100599,28,44,83,4785,6460,7966,786,5680,3960,1822,3057
2022-05-24T13:47:16.601848,17,40,87,5429,13636,6354,31770,3571,2707,2996,3012
2022-05-24T13:47:17.102906,71,40,87,5429,13636,6354,31770,3571,2707,2996,3012
2022-05-24T13:47:17.604217,88,41,90,6146,8354,2665,18815,3016,3570,2916,1095
2022-05-24T13:47:18.105201,24,41,90,6146,8354,2665,18815,3016,3570,2916,1095
2022-05-24T13:47:18.606417,92,44,84,7078,13174,7608,23578,15519,3631,1627,1727
2022-05-24T13:47:19.107387,83,44,84,7078,13174,7608,23578,15519,3631,1627,1727
2022-05-24T13:47:19.608693,-46,41,87,1782,8788,8357,6044,10644,4080,2450,3529
2022-05-24T13:47:20.109637,133,41,87,1782,8788,8357,6044,10644,4080,2450,3529
2022-05-24T13:47:20.610950,115,40,81,756547,197092,228215,17672,11634,17886,9104,5904
2022-05-24T13:47:21.111941,27,40,81,756547,197092,228215,17672,11634,17886,9104,5904
2022-05-24T13:47:21.612993,13,37,78,1118462,79468,69473,49095,25127,16878,18528,12625
2022-05-24T13:47:22.114235,70,37,78,1118462,79468,69473,49095,25127,16878,18528,12625
2022-05-24T13:47:22.615207,22,38,84,2999,4002,13825,11423,6995,2945,4890,3131
2022-05-24T13:47:23.116420,51,38,84,2999,4002,13825,11423,6995,2945,4890,3131
2022-05-24T13:47:23.617721,16,40,87,5128,6050,3093,8615,3072,3832,1955,1826
2022-05-24T13:47:24.119418,43,40,87,5128,6050,3093,8615,3072,3832,1955,1826
2022-05-24T13:47:24.620595,53,48,84,10040,9026,12981,4533,6808,3339,3321,2296
2022-05-24T13:47:25.121724,88,48,84,10040,9026,12981,4533,6808,3339,3321,2296
2022-05-24T13:47:25.623382,65,50,75,9301,22143,6975,4136,9734,3648,3273,535
2022-05-24T13:47:26.124634,72,50,75,9301,22143,6975,4136,9734,3648,3273,535
2022-05-24T13:47:26.625991,87,53,61,2285,20133,2077,7667,2325,3778,1835,1054
2022-05-24T13:47:27.127285,98,53,61,2285,20133,2077,7667,2325,3778,1835,1054
2022-05-24T13:47:27.628688,57,53,51,244,11475,1870,4652,6609,4273,2329,1587
2022-05-24T13:47:28.129981,60,53,51,244,11475,1870,4652,6609,4273,2329,1587
2022-05-24T13:47:28.631304,123,51,53,14475,16830,8728,24278,9476,5287,3009,3800
2022-05-24T13:47:29.132252,5,51,53,14475,16830,8728,24278,9476,5287,3009,3800
2022-05-24T13:47:29.633532,42,53,57,322009,39741,19944,14727,16547,10281,10279,5877
2022-05-24T13:47:30.134737,50,53,57,322009,39741,19944,14727,16547,10281,10279,5877
2022-05-24T13:47:30.635795,72,53,61,10937,23102,13688,5171,3744,5382,2088,2344
2022-05-24T13:47:31.137016,33,53,61,10937,23102,13688,5171,3744,5382,2088,2344
2022-05-24T13:47:31.638224,21,44,63,10729,47965,19638,5055,5807,5985,4189,1895
2022-05-24T13:47:32.139176,35,44,63,10729,47965,19638,5055,5807,5985,4189,1895
2022-05-24T13:47:32.640446,120,47,56,52381,21949,10710,6077,9525,4874,3035,2223
2022-05-24T13:47:33.141673,83,47,56,52381,21949,10710,6077,9525,4874,3035,2223
2022-05-24T13:47:33.642950,100,48,66,4928,6665,6708,14555,1878,4788,3906,2343
2022-05-24T13:47:34.143913,59,48,66,4928,6665,6708,14555,1878,4788,3906,2343
2022-05-24T13:47:34.645131,41,48,63,66275,43032,16343,10929,11613,9182,6620,3709
2022-05-24T13:47:35.146598,80,48,63,66275,43032,16343,10929,11613,9182,6620,3709
2022-05-24T13:47:35.647552,65,50,63,44904,35969,262,17788,2763,5528,6018,1946
2022-05-24T13:47:36.148808,60,50,63,44904,35969,262,17788,2763,5528,6018,1946
2022-05-24T13:47:36.649770,-173,44,61,4070,29179,9878,4020,3398,3034,3157,6830
2022-05-24T13:47:37.151133,66,44,61,4070,29179,9878,4020,3398,3034,3157,6830
2022-05-24T13:47:37.652120,100,41,47,860660,147011,27157,21108,14769,25237,12378,7468
2022-05-24T13:47:38.153621,108,41,47,860660,147011,27157,21108,14769,25237,12378,7468
2022-05-24T13:47:38.654585,25,21,40,267127,255337,47518,16003,5909,2634,2680,1644
2022-05-24T13:47:39.156097,56,21,40,267127,255337,47518,16003,5909,2634,2680,1644
2022-05-24T13:47:39.657440,45,21,43,6680,26828,6289,14623,9813,3854,5071,2081
2022-05-24T13:47:40.158768,66,21,43,6680,26828,6289,14623,9813,3854,5071,2081
2022-05-24T13:47:40.659734,72,27,41,20450,36291,9378,7491,7268,7286,3785,2134
2022-05-24T13:47:41.161054,85,27,41,20450,36291,9378,7491,7268,7286,3785,2134
2022-05-24T13:47:41.662332,72,24,38,55847,50688,5989,4273,8106,4670,2681,3339
2022-05-24T13:47:42.163278,4,24,38,55847,50688,5989,4273,8106,4670,2681,3339
2022-05-24T13:47:42.664481,70,43,51,20950,25864,3638,30663,9034,4619,2358,4014
2022-05-24T13:47:43.165908,45,43,51,20950,25864,3638,30663,9034,4619,2358,4014
2022-05-24T13:47:43.667247,105,40,51,7211,27633,10731,9246,5130,3261,1776,2941
2022-05-24T13:47:44.168241,115,40,51,7211,27633,10731,9246,5130,3261,1776,2941
2022-05-24T13:47:44.669527,53,35,57,16023,31920,17304,13727,6483,4347,4947,1997
2022-05-24T13:47:45.170809,52,35,57,16023,31920,17304,13727,6483,4347,4947,1997
2022-05-24T13:47:45.671831,32,44,69,10449,7345,5009,7238,6984,5904,3309,1060
2022-05-24T13:47:46.173145,41,44,69,10449,7345,5009,7238,6984,5904,3309,1060
2022-05-24T13:47:46.674449,41,40,75,74551,36246,46691,32704,11250,5181,2319,842
2022-05-24T13:47:47.175656,45,40,75,74551,36246,46691,32704,11250,5181,2319,842
2022-05-24T13:47:47.676647,27,38,60,121110,49457,2733,3130,2052,3078,426,201
2022-05-24T13:47:48.177878,1,38,60,121110,49457,2733,3130,2052,3078,426,201
2022-05-24T13:47:48.679625,-139,54,54,1904686,50585,34317,19570,16978,49881,26654,20136
2022-05-24T13:47:49.180600,165,54,54,1904686,50585,34317,19570,16978,49881,26654,20136
2022-05-24T13:47:49.682006,108,30,44,1883548,328520,47116,17341,9998,6756,31768,17903
2022-05-24T13:47:50.183309,66,30,44,1883548,328520,47116,17341,9998,6756,31768,17903
2022-05-24T13:47:50.684601,11,47,37,11143,3671,4252,2968,6252,2791,368,400
2022-05-24T13:47:51.185424,13,47,37,11143,3671,4252,2968,6252,2791,368,400
2022-05-24T13:47:51.686859,83,53,53,8636,28329,10809,15528,2750,7344,1974,1223
2022-05-24T13:47:52.188162,44,53,53,8636,28329,10809,15528,2750,7344,1974,1223
2022-05-24T13:47:52.689106,27,41,56,6075,20935,11291,9288,2236,4827,5333,2092
2022-05-24T13:47:53.190334,57,41,56,6075,20935,11291,9288,2236,4827,5333,2092
2022-05-24T13:47:53.691499,74,53,74,7172,20647,38576,7287,12828,5501,3769,2017
2022-05-24T13:47:54.192466,-5,53,74,7172,20647,38576,7287,12828,5501,3769,2017
2022-05-24T13:47:54.693678,59,40,66,100777,19800,3066,4202,6222,1375,371,671
2022-05-24T13:47:55.194922,35,40,66,100777,19800,3066,4202,6222,1375,371,671
2022-05-24T13:47:55.695910,54,34,70,9036,26463,11531,28078,5598,4436,3208,2081
2022-05-24T13:47:56.197308,22,34,70,9036,26463,11531,28078,5598,4436,3208,2081
2022-05-24T13:47:56.698297,49,26,74,24969,28176,17202,22644,9042,3584,1753,1308
2022-05-24T13:47:57.199508,4,26,74,24969,28176,17202,22644,9042,3584,1753,1308
2022-05-24T13:47:57.700474,-179,34,67,2480,17054,4612,18490,7035,5999,2221,1773
2022-05-24T13:47:58.201739,100,34,67,2480,17054,4612,18490,7035,5999,2221,1773
2022-05-24T13:47:58.702944,81,26,70,37689,24201,5938,4397,2072,757,619,483
2022-05-24T13:47:59.204218,392,26,70,37689,24201,5938,4397,2072,757,619,483
2022-05-24T13:47:59.705470,144,20,57,86586,30747,4427,4269,3903,1127,574,225
2022-05-24T13:48:00.206777,-20,20,57,86586,30747,4427,4269,3903,1127,574,225
2022-05-24T13:48:00.708001,104,20,51,1817553,327707,26834,157753,40771,28642,37649,13533
2022-05-24T13:48:01.208968,18,20,51,1817553,327707,26834,157753,40771,28642,37649,13533
2022-05-24T13:48:01.710210,-19,8,48,681566,132676,29005,48888,10749,7589,33982,14125
2022-05-24T13:48:02.211480,20,8,48,681566,132676,29005,48888,10749,7589,33982,14125
2022-05-24T13:48:02.712806,845,29,50,273479,129743,57693,57388,42938,80590,86668,9383
2022-05-24T13:48:03.213774,-22,29,50,273479,129743,57693,57388,42938,80590,86668,9383
2022-05-24T13:48:03.715167,-557,29,50,1142756,193758,29460,102750,64459,155411,46880,39246
2022-05-24T13:48:04.216210,257,29,50,1142756,193758,29460,102750,64459,155411,46880,39246
2022-05-24T13:48:04.717512,316,40,64,798401,287746,532826,106559,100551,86522,45421,38212
2022-05-24T13:48:05.218479,-58,40,64,798401,287746,532826,106559,100551,86522,45421,38212
2022-05-24T13:48:05.719697,300,41,54,1173601,404456,67859,9925,17450,36036,47090,13177
2022-05-24T13:48:06.220663,-502,41,54,1173601,404456,67859,9925,17450,36036,47090,13177
2022-05-24T13:48:06.721959,807,41,54,1316562,1112232,239890,116108,158954,127217,32738,129364
2022-05-24T13:48:07.223251,-131,41,54,1316562,1112232,239890,116108,158954,127217,32738,129364
2022-05-24T13:48:07.724286,56,47,48,62256,18407,908,3174,1172,1427,5017,766
2022-05-24T13:48:08.225544,16,47,48,62256,18407,908,3174,1172,1427,5017,766
2022-05-24T13:48:08.727002,36,38,35,353431,84803,8391,1882,4776,10661,5331,5180
2022-05-24T13:48:09.228366,18,38,35,353431,84803,8391,1882,4776,10661,5331,5180
2022-05-24T13:48:09.729758,9,43,27,301128,128860,83462,31136,38514,38792,39001,11357
2022-05-24T13:48:10.231019,43,43,27,301128,128860,83462,31136,38514,38792,39001,11357
2022-05-24T13:48:10.732324,74,47,23,34573,22506,509,2171,4082,3196,1127,445
2022-05-24T13:48:11.233585,60,47,23,34573,22506,509,2171,4082,3196,1127,445
2022-05-24T13:48:11.734917,39,53,37,15993,30302,26507,21619,5001,10866,2170,3192
2022-05-24T13:48:12.236339,-14,53,37,15993,30302,26507,21619,5001,10866,2170,3192
2022-05-24T13:48:12.737636,52,53,47,474777,93658,14756,32672,14045,16605,9468,2024
2022-05-24T13:48:13.239005,10,53,47,474777,93658,14756,32672,14045,16605,9468,2024
2022-05-24T13:48:13.740238,105,53,50,57627,13451,28326,5929,21061,7081,2299,1061
2022-05-24T13:48:14.241558,49,53,50,57627,13451,28326,5929,21061,7081,2299,1061
2022-05-24T13:48:14.742814,-23,53,56,62608,15788,789,3777,4287,2427,964,770
2022-05-24T13:48:15.244023,40,53,56,62608,15788,789,3777,4287,2427,964,770
2022-05-24T13:48:15.745006,40,44,44,262478,36043,9327,3796,6560,2492,684,566
2022-05-24T13:48:16.246442,59,44,44,262478,36043,9327,3796,6560,2492,684,566
2022-05-24T13:48:16.747814,-25,47,47,408685,54518,16392,14218,21700,12410,3700,1741
2022-05-24T13:48:17.249113,-163,47,47,408685,54518,16392,14218,21700,12410,3700,1741
2022-05-24T13:48:17.750410,120,29,24,465374,561632,16143,31652,15949,12879,18590,9503
2022-05-24T13:48:18.251405,119,29,24,465374,561632,16143,31652,15949,12879,18590,9503
2022-05-24T13:48:18.752632,60,27,30,788688,287389,116618,21277,59083,37476,41441,19413
2022-05-24T13:48:19.253607,-205,27,30,788688,287389,116618,21277,59083,37476,41441,19413
2022-05-24T13:48:19.754870,41,37,40,138075,16595,14753,7617,6959,5151,1993,1787
2022-05-24T13:48:20.256005,90,37,40,138075,16595,14753,7617,6959,5151,1993,1787
2022-05-24T13:48:20.757308,69,26,29,229111,175521,22951,7253,12051,9758,4417,4137
2022-05-24T13:48:21.258264,41,26,29,229111,175521,22951,7253,12051,9758,4417,4137
2022-05-24T13:48:21.759524,16,43,43,14362,13759,4667,3865,10886,2845,1993,1230
2022-05-24T13:48:22.260504,19,43,43,14362,13759,4667,3865,10886,2845,1993,1230
2022-05-24T13:48:22.761901,11,38,47,4071,32469,9721,10402,3616,2484,1273,2262
2022-05-24T13:48:23.263201,5,38,47,4071,32469,9721,10402,3616,2484,1273,2262
2022-05-24T13:48:23.764168,32,43,40,60880,25411,1085,13580,7541,10243,1245,3437
2022-05-24T13:48:24.265174,-10,43,40,60880,25411,1085,13580,7541,10243,1245,3437
2022-05-24T13:48:24.766169,41,48,50,13854,15731,2472,11760,12253,2583,863,1567
2022-05-24T13:48:25.267427,90,48,50,13854,15731,2472,11760,12253,2583,863,1567
2022-05-24T13:48:25.768394,70,47,53,17604,36093,9768,13721,3178,6751,3643,2121
2022-05-24T13:48:26.269657,4,47,53,17604,36093,9768,13721,3178,6751,3643,2121
2022-05-24T13:48:26.772067,114,47,60,32421,41676,23994,26216,9577,4133,3018,1222
2022-05-24T13:48:27.273795,55,47,60,32421,41676,23994,26216,9577,4133,3018,1222
2022-05-24T13:48:27.775035,76,41,67,8136,17852,12562,14283,4461,5698,1993,1602
2022-05-24T13:48:28.276438,54,41,67,8136,17852,12562,14283,4461,5698,1993,1602
